10000
9727
9819
4285
2499
9214
9214
3288
3347
4724
8410
4084
4084
2389
1022
6510
6510
6258
3640
3640
3640
3640
779
4953
4953
96
585
585
585
7554
2217
7680
4731
4731
4731
8166
9776
4793
1125
5681
898
898
9676
4303
4303
4000
5303
6175
4237
4237
1205
8110
8110
4141
986
5138
5138
5138
4409
4409
4409
390
390
390
390
6817
6768
6768
26
7302
4192
4192
8394
8394
9922
9922
2240
2240
2240
4300
4300
4260
4260
4117
4117
7198
2669
2669
2669
886
886
590
2608
6548
6548
2437
2437
3888
3888
5219
820
6395
8455
8455
8027
4648
4648
2294
2294
1611
7751
1604
5187
5187
5187
2427
1013
1388
1388
1388
6860
6860
6860
3545
3545
4631
4631
1156
1156
7589
6674
6674
9785
9785
3415
8064
2936
5594
5594
7501
5674
5674
5674
5674
3761
3761
9111
9111
9111
2132
6696
6696
1133
7015
7015
7015
7015
42
42
42
2946
2946
5541
5541
5755
1474
1115
1115
2464
6127
2536
8006
4754
4754
6400
6400
3303
5750
5750
3571
3571
4132
4132
4132
877
1541
1541
4752
4752
5182
7628
7628
6508
6409
6409
4042
7275
77
8781
8781
8976
5944
1179
1179
5958
5958
5560
8587
8587
1165
1165
1165
2154
5722
7351
7351
7783
6580
6580
6580
3336
2333
1511
1511
8117
8117
4279
4279
4279
6483
2134
2134
2134
1077
1630
3766
3766
8159
865
865
9379
9379
1431
1431
1544
9182
9182
9182
3126
3126
2303
2303
1287
1287
9002
9002
9002
4451
5822
5822
1949
6337
6337
1310
2574
9721
7493
7493
7493
4435
6784
1560
1560
1560
8414
8414
2375
2375
8896
7702
582
5252
2029
7171
7171
7171
2374
2374
2374
5297
5297
8489
1960
1796
4490
4490
4490
4490
4898
4898
3212
1037
1037
5493
5493
5493
1481
1481
7154
7154
7498
7498
7498
7457
1470
2593
6629
6629
1083
1083
2289
1445
1445
7421
7421
7421
2016
6311
7231
1926
1926
1926
1926
5756
572
7213
7820
5907
7715
9447
9188
7197
7197
3189
9086
1600
6410
3046
3046
3046
4725
4725
635
7656
7656
7113
2712
3080
6353
6120
5038
8578
8578
8578
8937
7318
7318
6239
4168
9257
6425
1011
3858
7599
6964
2832
2832
2832
5028
7341
7341
102
102
102
6087
9961
1142
5619
8374
1134
5158
5158
5158
3633
915
915
7649
4775
332
332
332
8609
1106
1106
1106
4878
7759
6667
6667
243
4776
6687
6687
6687
3450
847
5170
5170
4664
4332
4332
6217
1433
4446
4060
962
6011
2135
983
2185
8892
388
8616
8616
8616
1732
3707
4395
6684
4525
3704
3704
5195
5195
4702
4702
3391
1315
9904
8530
8530
8530
8264
4519
4519
254
254
254
3342
3342
9462
8379
1185
2516
8634
8634
6347
7110
7110
5
5
9459
9459
1523
1523
2814
8871
8871
8871
7041
1588
1244
8192
8192
8192
4649
4649
4378
9964
9964
741
741
8046
8046
8046
1853
4502
5747
5747
5747
1988
1439
875
5197
3266
352
9195
9195
1653
5760
9341
8815
4529
4529
4529
3086
9477
6603
1550
4170
1092
9024
8590
5403
5540
3879
6984
6844
6844
6844
9230
8164
9255
5203
8037
196
1561
6470
6470
9233
9233
9233
7960
7960
5098
4483
3979
3979
9064
9064
9064
815
815
981
2760
6910
2236
3121
6719
8391
2517
9391
9391
8888
3438
3438
3438
6852
235
235
8767
8767
8767
3455
796
5715
1709
1709
1709
1259
3389
9202
9202
8475
8475
2537
3479
595
2225
2225
5704
918
918
5216
5216
9170
5573
5573
3358
3358
6853
5771
5771
9990
7849
7843
1160
5815
4400
4400
181
3412
8151
4690
1885
1885
9101
5348
8
8
7785
2350
5565
3016
3016
321
321
2607
3795
7292
7292
7292
9347
4628
425
425
2104
8537
2563
5237
286
8200
8200
7362
7362
9461
9461
9461
8358
1404
8328
8000
7499
8844
8844
5575
6555
9724
9724
9724
59
59
8098
8098
4454
4454
4656
2823
1158
1648
1648
1374
7003
9218
9218
6799
2038
2038
7981
7981
7709
7709
7709
3883
3883
3008
3008
3008
1145
5997
8109
6402
6105
3271
4179
4179
5918
5918
5918
7168
7168
7965
891
891
7230
315
1521
5845
9627
9627
7802
7802
7802
7802
5819
9340
9340
2466
3088
1501
1501
5346
295
4441
5579
2067
8901
8901
8901
175
7034
7034
4634
1787
207
8509
8509
2912
7931
6802
6802
4094
3380
3380
4144
4144
7947
6776
3753
3579
6807
6807
2974
4203
6632
6632
1032
1032
1032
2451
2451
5975
5975
8149
4733
6132
8708
3541
3541
3541
5474
5474
8740
760
8031
9423
5588
3369
7183
7183
3142
4710
4710
1090
5859
5859
5859
3390
3390
2860
2860
1413
8526
3333
4259
5517
5517
5517
1795
6738
6738
8816
8816
8816
8827
1012
5561
1601
2857
2857
2857
2857
7940
7940
7940
801
2062
2373
2840
1047
4486
4486
8706
8706
4814
1318
4079
3040
3040
3667
3667
4504
4504
4504
4518
4518
671
2929
2929
3315
3315
2247
2247
6273
9253
9253
9253
6585
6585
6585
6516
6516
7196
3326
8371
5243
6315
6315
7900
7900
8155
8155
6245
9750
7036
7036
7962
4568
4917
4917
6841
6841
1991
1991
7861
5330
9458
9458
9458
551
9987
3119
4743
9209
9209
9209
2189
2189
2189
6939
8441
2666
5599
4653
8196
889
2989
7124
7124
7124
3526
8143
4066
4444
4444
6660
5337
5337
5337
647
6313
8618
3239
5759
5675
366
3430
3430
7148
7148
840
593
593
2820
1644
7466
1381
1381
2483
2541
2541
2541
3110
7084
7084
7084
7084
3980
9036
8755
8755
2799
2799
1800
7434
835
7237
623
623
632
632
632
3605
6747
7596
6050
5841
8060
7831
7831
2076
4695
4695
6568
7879
8215
7419
3356
8233
2273
2273
2273
2273
7500
7500
7500
7500
6461
6461
6461
9702
7228
6392
7572
1425
499
9181
5618
5618
5618
3477
9816
9816
9816
3868
3868
3868
5052
5052
5052
9782
9782
279
9136
5801
5801
6976
7997
7997
833
833
833
9635
9635
5687
5687
4412
4412
2106
2106
1616
1616
1616
4790
4790
1911
1911
1911
1163
1163
5132
8301
784
3497
5686
2102
2102
2102
7349
7349
1605
1605
7005
6523
6523
6523
6523
4099
3030
3061
3061
7829
3906
1532
1532
9571
9571
5754
6183
6183
6183
6183
6183
6183
2328
7681
8929
7253
827
2716
8286
8025
8025
1275
7192
7192
5436
5970
7315
7315
6938
975
975
975
9304
8807
4363
4363
4363
8369
4993
1448
7532
7532
4745
4745
4745
1981
6706
4173
4053
4053
8794
5012
6415
6415
413
5471
6020
8298
8298
8298
8298
2566
7675
9825
8909
8909
8909
83
7125
7125
3093
3093
5897
4633
4997
5100
5100
1351
1351
1351
1351
1351
8438
8438
6421
9623
9623
9557
6458
6458
1384
1384
9859
6159
5144
9725
5640
5640
5640
7920
5735
5735
5735
5735
9254
9254
278
4465
1984
1984
3891
5589
836
4249
8099
5626
728
8800
6270
6270
7825
2128
950
950
2478
3614
1590
1590
912
9876
8541
4308
4308
4308
6289
6289
9332
9332
9332
9332
9332
9013
4030
4030
4030
7908
7502
8251
8251
8570
1518
4296
4296
4296
7017
9488
8959
1626
2215
2215
7690
8220
8220
8220
8220
8220
7202
7202
7202
4593
5962
8535
6582
6582
6582
3836
620
4701
7602
7602
5832
2859
2859
2285
2285
6375
6375
6375
9006
2036
2036
3939
3939
6149
3829
4991
3823
2684
2684
8137
8631
8631
8631
901
9577
263
263
1067
7774
8917
8917
9251
9251
5764
1931
1226
1226
2117
5535
5650
5650
3512
3561
3561
2043
2043
7210
7210
1271
1271
7000
3936
3936
9998
8750
8750
8750
5503
5503
5503
4001
7523
114
7534
8539
4270
7437
1070
1070
3837
3837
3837
183
183
183
1798
1798
9886
9886
134
134
134
307
9520
9183
9183
9183
9183
1726
5492
116
116
9822
9822
391
391
9509
3777
3777
9124
2140
5484
4472
2192
8703
8703
659
659
8467
1736
1736
9026
9026
3531
3531
1429
1621
1235
1235
9916
9916
1647
4910
4910
948
6384
2419
2419
6096
6096
6096
9405
9405
9405
459
2868
6111
3131
528
870
870
4706
4706
4706
7190
7190
7892
7892
7688
2402
4590
4590
4590
4590
3187
2398
4257
5601
5601
1157
4715
9278
333
9747
9747
6086
6086
6086
5344
5344
8779
5749
8769
8769
2000
2000
2000
8627
8875
8875
8875
5417
5417
6291
5350
8994
8994
3909
6616
6616
1679
6530
2861
415
2155
1332
1332
604
604
135
1240
1057
9906
9906
9906
9906
9906
9906
6806
3250
643
643
3902
3902
3902
9180
9180
9180
4514
4172
591
591
591
591
591
591
2782
2782
7911
7911
9573
9573
3564
7186
7186
1816
1816
3963
3963
3963
1760
4922
9585
9378
6090
6090
3904
3904
3904
3904
575
4211
532
7640
7640
7640
9098
5933
5933
1371
9374
8761
8761
8698
3922
8715
8715
3895
1564
7385
1486
1486
1486
9066
6879
5761
6418
6418
7406
3143
8111
8111
8111
2698
9436
9436
759
759
8820
8820
6393
2465
729
8141
8141
1717
9246
6126
925
8044
4080
4947
4947
4947
4947
2718
1086
1086
8499
7425
7425
6914
6914
8713
8713
1477
1477
1477
5261
9911
9911
15
9796
3235
3235
6472
6472
6472
3371
6027
9068
9068
2769
5633
5633
5633
7417
3916
5179
5179
5174
5174
8946
3530
2084
2540
1680
1680
1680
3700
3700
1284
1284
1747
4651
7079
4154
7679
7679
1880
8774
8774
2526
4061
4061
9005
9005
9005
8671
9648
247
247
3610
6735
4822
5662
4062
4062
3069
2022
3489
616
4738
6539
5452
5452
5452
5452
6385
6385
6529
2110
7657
9135
9135
9135
9489
2685
8195
8195
8282
7067
7067
7067
8342
8342
5543
9535
9535
8764
2194
2194
2194
830
7934
7934
7169
7029
1072
1072
9021
9021
9021
2394
2394
2394
2394
9847
4350
9067
6455
6455
6455
6455
6455
2051
2051
8508
9576
2611
2611
7781
1785
5534
1001
7874
383
383
8862
8862
8862
559
559
559
8219
8219
6265
6265
9137
4101
3263
7365
9189
7306
8024
8024
6063
6063
8860
8860
5489
6708
6708
5799
4307
3722
9814
6373
1248
4892
1980
6275
6275
1164
3223
124
6536
6536
4538
9438
3966
2896
5262
5262
1289
1476
1476
1476
5609
3105
689
1382
268
2476
2476
3162
3162
9550
9550
9550
2442
2442
2442
2442
1415
401
7697
7697
1122
1122
4086
215
215
807
1901
7775
7775
997
2787
5111
5111
5111
1202
1202
5043
3813
2242
9427
9427
4709
4709
4709
9482
9482
9482
3538
7146
8156
8156
6562
4374
3366
3083
5516
5516
1319
6174
6847
1543
859
123
7749
8194
5030
1888
201
8401
8401
8459
8931
3546
3546
7990
4119
5969
2074
2074
2074
8476
8476
706
1441
1441
1441
1441
8416
5399
7185
6286
6286
2454
2454
4693
2136
2136
2136
2295
2500
5397
9370
9370
9370
3211
3211
3211
3211
5877
6849
1871
674
8496
2114
2114
2231
2231
9994
7950
4239
4239
9991
6977
8604
1204
1204
1869
1869
6474
6474
3586
3586
9235
1166
1166
1699
4827
4827
6272
8163
8163
7025
7334
7334
9506
5829
2458
1035
1005
1636
9660
3675
5199
5199
5199
4456
4456
4456
6334
6441
6441
4169
8852
8852
1943
904
8623
7090
6734
3322
1367
5817
5817
5562
5562
2060
2060
2605
394
2278
2749
2749
56
3124
4243
4243
4243
1301
4496
4496
1038
1038
1038
7811
7811
9071
9071
9829
2393
5672
5672
8978
4909
4909
4856
5684
5684
9848
9848
9848
2275
2359
320
5024
2444
5617
1939
1939
7956
152
152
6567
6567
6567
6567
3850
3850
3850
3850
637
8953
371
371
387
5276
5238
3901
3901
4348
2770
2770
2770
8603
8603
2081
5895
3109
3109
3109
3109
5831
3445
4654
1953
1953
2932
2932
2739
7857
7857
7857
2683
2615
5980
9196
5685
8388
3998
197
197
1827
1827
9981
7921
5130
578
3863
3863
3316
6040
1587
5058
5058
1837
4214
9790
9790
9790
260
5107
6335
6335
6335
4841
6588
6588
5979
685
1744
1744
1744
9387
2610
8941
8941
8941
3535
3535
5194
5057
8691
8691
8691
7181
7181
4921
4921
2268
5432
5432
5432
5432
8534
6823
5727
8548
8548
2237
7358
5987
5987
3244
5616
4586
290
6244
6244
6244
6093
6093
7880
163
163
163
8061
8061
1263
5226
4160
4160
1419
1419
4491
4491
4784
9027
9027
9027
3281
9062
6487
4920
1609
1609
9469
9469
3686
657
657
4262
9774
9774
6436
4805
4805
9743
4683
4683
4683
2233
568
1333
708
7868
9527
3994
621
621
2158
3095
4804
5994
5994
2170
7467
7467
1660
1660
1239
7346
9434
9434
9434
1728
1728
8520
4003
4617
7118
7429
3085
3085
4463
927
4495
4495
3065
3065
2809
2809
2012
1015
1015
1889
8338
8338
8338
7766
7766
7766
3602
3602
3602
489
489
7049
2921
2921
6836
6836
6836
1051
1051
7370
4843
4843
2207
1428
5990
5990
5990
5990
7922
6880
8122
680
1920
3458
7587
7587
6584
5974
5974
5974
5974
5035
5035
5232
8327
505
1624
1624
474
474
4971
9891
7325
7325
402
5306
5306
5306
7288
8739
9977
7612
9315
9315
6156
6156
6484
6484
6484
9510
2717
7414
7414
7693
7693
7693
91
3699
3699
3699
9840
9840
9840
4543
8036
6467
1556
9992
9992
1529
8071
8071
7166
8350
8350
8350
5728
5315
509
8583
8583
2968
2968
8987
8834
9997
9997
2924
6070
941
8174
1857
1857
1857
6640
1024
1024
1024
1024
3199
3285
3945
3945
3945
2547
5110
5155
4244
9673
3378
3378
8738
8738
8738
4199
4199
4199
4199
567
567
567
6912
6912
6381
7382
1767
9015
4806
5720
7463
813
9734
9734
9734
3732
8745
8745
8745
8745
8169
6076
6076
6076
9720
9720
9720
2963
2963
2963
5244
5244
1361
1361
9049
6803
6803
2828
3116
3116
3116
2747
9604
9604
4837
4837
4837
935
935
935
6647
972
5636
5636
5458
5458
5458
3209
3209
3209
5491
2850
2850
5670
5670
5345
1421
2895
1534
2620
2620
2620
1752
1752
1654
2141
2141
2141
2141
2141
8813
6556
5688
5688
8752
8752
9827
4609
4087
8315
8315
1514
7864
6575
5624
5624
3050
3050
7824
7824
5424
5424
4128
4128
4128
5462
5462
9675
4263
4263
8173
8173
8173
1688
2529
1312
1312
3514
2956
1993
4065
775
4766
4766
4766
5341
7401
7100
7100
8178
1891
5590
1206
1252
1252
4304
4304
4689
8549
9901
9901
9208
9199
9199
7221
7348
2549
2549
7006
3292
780
780
8096
1230
1230
9640
1162
4458
4458
7929
2654
2654
7722
3408
2870
6571
4658
8077
7273
7273
7107
7107
8199
8199
2887
110
4782
5102
6872
8894
9439
9439
9420
2436
2436
2576
4768
6008
849
849
3048
6141
5267
5267
5267
8477
4533
4533
4418
2811
7758
1786
4248
4248
1742
1742
153
5314
5314
8772
6796
4092
4092
4092
5466
3128
4450
2203
9764
6346
6346
6346
118
3620
3620
3620
3620
3620
4621
4928
4928
8848
8848
3653
3653
6365
2168
2168
2168
2014
6114
6114
5478
9518
7967
1867
4476
4476
4476
1883
1883
6754
6754
4069
609
609
609
9614
9614
2244
3276
3276
3276
7858
7858
9090
5909
7729
7729
1815
5095
5095
5732
5732
5732
7155
1936
1936
5430
5430
9316
9761
8123
4549
876
876
6075
2980
9893
3659
6318
2679
2679
2679
6772
6772
5031
5031
5031
5385
3002
3002
6216
6216
6216
4850
4850
8624
7448
7448
7448
8512
3898
2594
2594
1006
1006
8471
8471
177
7082
8853
8853
8853
8853
8853
8462
8462
7229
8332
7086
9095
9798
9798
678
678
4676
4676
4680
4680
5126
5126
2131
9495
9495
9495
3049
9328
9328
7666
6544
6544
6544
5781
4380
573
8321
8321
8321
6578
5542
6342
6342
6342
1055
1055
1055
1536
7748
1227
1227
1702
1702
7958
7958
2686
2686
2686
2686
9113
9091
9091
4884
8168
8168
1050
154
3122
9779
6998
3944
3944
2153
2153
4012
7450
7450
7450
3779
2337
7317
7317
5000
7710
7710
9260
6411
8255
8904
3464
7072
7072
2384
1030
1030
2284
7320
5480
5480
5065
9773
4200
766
9132
8335
8335
3009
3009
5809
3501
3501
1135
1135
1135
1135
1135
7411
7411
7411
1123
8633
8633
882
882
882
7889
7889
7310
6950
6800
4660
4660
5358
1975
1975
190
190
190
867
2352
2827
2827
1625
1625
6815
9486
9486
6778
3670
6654
6755
327
5673
6967
6967
6967
9222
9222
9222
7412
533
533
5227
7746
7677
2931
2931
5788
2323
1262
6018
2977
2977
3565
3565
3565
8421
8421
6391
7776
746
746
2453
7823
7823
7823
2708
2708
6341
6341
7594
7594
7594
1503
1503
1503
8486
8486
8207
8207
6809
6809
6809
7405
1033
1033
4759
1896
1896
2191
1111
1111
1111
7627
5870
5870
7885
7885
1229
9422
8954
8954
8954
6731
6731
5885
5885
5885
6973
6973
8323
9805
9805
949
949
949
1594
8831
9007
9007
2
7941
6045
6045
1270
4311
3052
2424
87
87
87
87
87
4578
8390
7367
4309
3774
149
1745
1745
1745
1745
1089
8145
8145
3866
4503
5665
1291
3751
1789
7223
7223
6900
1294
1727
916
4321
5690
5690
5690
1041
1041
6804
6804
9730
658
3196
564
564
9023
5165
8989
8989
3073
6438
3534
5124
4564
4564
4340
9927
9927
8611
8611
72
6714
6714
8870
9056
165
165
7399
9100
5271
6775
6196
9164
920
9143
773
8102
9242
2777
2777
2777
2777
8982
3324
8891
2089
2089
2254
6442
6963
6268
627
627
1593
1593
478
478
478
6003
6003
7313
7313
162
162
4985
142
5661
5661
8684
9513
7703
2034
8567
8310
4899
8457
8457
8457
6262
5767
1241
1241
8724
4134
5694
5694
5050
5050
3875
3875
3875
3875
3481
2173
2173
2173
2307
2307
2307
837
837
837
837
5053
3750
3750
3746
3746
9542
909
5938
5938
966
1900
1900
7988
8398
8398
5463
4286
4286
4286
4286
7431
7431
6236
4197
5364
8546
6091
6091
6091
3000
3000
3000
8381
6
6
1563
92
6981
6981
64
64
64
7539
2026
1834
5583
5583
5583
5583
5583
960
6716
9841
9841
5423
5423
5423
7639
9487
7822
752
752
7027
1832
5502
6672
6672
6672
4070
9449
9449
9289
488
7638
7638
6506
6506
6506
6547
9833
9833
3954
3954
6769
4936
4792
4792
4734
4734
4734
4098
4098
195
195
262
2380
8032
1619
150
444
8121
8121
1493
806
2725
7735
8766
8766
322
6049
1323
1323
5201
5201
6452
6452
9982
1821
1821
1764
8116
2309
4954
9277
9277
9277
2401
2401
3013
3013
7102
7167
3536
2344
2188
2188
4256
8103
3919
7240
3574
4407
4407
3476
3476
9537
9537
2561
2561
6707
1316
1316
4556
4556
3577
3577
7644
5926
5109
5109
5148
3057
4187
4187
1273
8028
5923
5923
2835
2835
2835
98
464
453
3148
3148
9763
9763
6572
6572
6572
6873
2290
8696
192
9598
6167
6167
5324
5324
4205
1175
9018
6260
6260
1265
3604
3604
2369
2369
3740
3740
3740
5189
5189
1916
1916
3170
3550
5744
7716
431
431
4836
584
5518
5518
5518
5518
5518
5518
6550
9839
9839
1066
2246
4655
1280
1280
1280
1280
35
3498
3498
3949
3350
3350
3350
8206
6021
6021
6021
2378
2378
6232
9402
4323
4095
4095
4095
2750
9695
9695
9695
4881
1873
1873
1873
6610
6610
5710
5710
7700
4427
4427
4427
2172
2172
6705
6705
7144
3671
7841
7841
7841
5757
5757
9096
4627
4627
3703
1674
2509
2509
8228
8228
6792
6389
6924
6924
3735
6538
5307
5307
5307
3555
3555
3555
3555
3555
7519
7519
651
651
2388
2388
2388
4588
395
547
547
4396
4396
1576
2619
9762
9224
1932
8805
8805
6594
3974
6226
6226
5515
5515
9301
9729
1866
1866
1866
1866
9692
8997
6162
6162
969
5806
5806
5806
5806
6564
1171
5802
9450
9450
2473
2473
2473
2473
2869
9074
9568
2501
5402
6569
6569
6569
2440
8814
7471
6887
6887
7256
3442
3442
3442
640
640
6842
6837
6837
6168
1537
8041
8041
9930
9930
995
1462
1462
5999
9871
3631
2527
2527
2527
5335
5335
7162
8016
5836
5475
5475
7686
4484
9193
9193
9193
9014
9014
85
5995
5995
2124
2124
2124
9371
4420
4420
4420
4420
7701
5991
5287
5287
5287
5287
6473
8655
8655
1586
2503
2503
5477
6201
1463
1463
6623
6309
8144
318
4650
3603
3603
6170
6170
227
227
227
6140
2416
1602
1602
5392
3639
3639
9707
9707
465
2272
1528
1528
2157
1884
1884
1884
4824
942
5412
7116
7547
9693
3719
3719
6257
9148
7147
7147
4093
1379
1379
5381
5381
5056
5696
3715
3715
3045
1286
8582
3897
3897
9424
6542
6542
6542
4944
8664
1028
1028
4961
4961
4961
4718
7752
7752
6043
9711
9711
9711
3022
3022
3022
3022
361
6930
9878
5094
5094
8658
1715
1715
7095
5080
8689
6728
6728
6728
2471
233
7397
5281
3855
2534
4940
9755
2263
3597
3597
3071
5406
6139
2463
2296
8349
3890
3890
2709
2709
2709
9357
9357
5782
5782
9767
7928
167
764
6835
6835
1496
9031
1948
7692
4185
4185
4185
8933
8001
8001
1614
1614
6933
6933
1967
5067
9954
1872
1872
8966
2972
2972
537
2165
2165
2165
1863
1085
6903
6903
6903
9419
4736
4736
4736
5145
5145
1784
1784
1784
2818
2818
2818
7708
2633
2633
9654
9654
9654
9654
5864
5864
1190
5917
5917
5917
5917
5917
8426
742
742
2353
2353
8723
6338
6338
4082
661
661
1513
1513
7014
3228
3228
3228
2133
695
695
959
6975
6975
6975
8067
4322
3907
3907
5388
5388
5388
8252
5299
5299
5299
7906
5149
5149
1221
1221
6404
6404
8148
8148
8148
3725
3725
7127
9861
7903
7040
7600
7600
7600
7600
7600
4639
5916
5916
5916
5916
1383
1383
5709
5709
5709
9280
9280
3087
6207
6207
9502
8249
8249
8249
3819
8505
8285
4281
4281
5637
2315
2315
4225
8629
3488
8568
8568
7756
7011
3918
3918
3053
3053
9602
9546
8105
8275
8998
8998
2688
2688
7280
9416
9416
407
6107
6107
3892
3892
9874
8951
3078
7723
3716
2975
2975
4004
9313
8295
2201
985
9986
9986
5960
5812
8104
7522
7131
7131
9191
5808
5808
5500
1864
9989
4758
7388
7388
991
4976
7214
7214
5206
5206
2252
2252
6496
1017
4181
4181
4181
6250
49
3568
7381
1860
8270
8270
9942
9942
9942
9942
7611
5215
8672
2783
2783
2783
9804
3642
3642
3503
6241
1254
4570
55
55
9590
1525
1525
524
8360
9641
9641
9641
71
71
1793
1793
2626
2626
9883
5173
57
57
3300
3300
3300
5115
2363
6851
1865
1865
7782
350
350
2107
9262
9262
9262
9555
2791
6059
6059
6059
50
9830
5623
5623
2456
2456
2456
2456
6962
3454
5839
6206
6206
805
805
3364
5758
8419
8419
8487
4123
4123
4123
4424
212
212
8521
8418
8418
8418
2796
720
5768
2448
3382
3382
2385
2385
7744
7667
7667
7469
8935
8259
3584
3584
3584
1026
1026
8538
6725
6725
5470
5470
7741
9780
8367
526
5851
624
624
8789
9139
9139
9139
6177
6177
6177
8823
3236
1667
1667
688
3092
4158
2099
8357
8357
3349
3349
9108
5847
5847
7655
7655
7655
2913
5340
5340
2705
9008
982
1670
1670
1670
4750
4750
451
451
451
451
7391
7391
9359
9359
9359
5166
3559
3559
3559
1955
1955
5559
791
791
660
2779
2779
8922
4657
8669
8669
9360
1007
1007
70
3202
3202
3202
1201
1201
1201
7794
9777
8887
8887
8887
8642
8642
8642
3051
1233
1233
7254
7254
7254
3311
3248
3248
3248
422
5556
5556
5556
1137
1137
2204
2204
2204
5886
5886
4110
5721
9823
9795
4336
4336
1714
1131
1131
2767
2767
6058
6243
6340
1393
1393
4399
2939
7249
7249
6770
6770
1772
3505
4498
3392
8595
7895
2848
885
2958
2958
8297
6985
7172
7172
9996
4862
5655
6481
6898
6898
6898
9252
4217
3480
913
3547
6092
6092
7812
3929
8551
8551
6001
940
940
4164
8372
8372
8372
4397
599
8020
7180
4584
8091
8091
8091
2744
2744
2744
7096
7096
4067
2264
2264
4675
9292
5738
5738
9109
9109
6907
6907
2542
9177
9177
9177
3654
424
8084
7050
7050
6460
5593
520
4761
4761
4761
4010
4010
4010
2674
7624
7624
65
7332
7332
7332
4045
4045
4045
9411
3439
7070
7070
1737
4233
514
514
2335
2335
8268
8268
5931
5856
712
712
7668
2426
2426
2426
3763
2765
7354
7354
1278
5044
4941
9373
9373
9373
1285
7379
6744
6744
5977
5977
5977
4595
5913
8340
9470
2234
2988
7634
7634
9897
7563
2346
2629
8158
1279
5429
5429
5766
3474
8015
8015
4189
8675
8675
5476
749
1306
1306
2923
4765
4765
338
338
338
1808
1808
1808
355
3872
2634
3825
6176
6176
6176
3718
3165
3754
4375
8543
406
5576
5576
5576
4635
9962
7404
7404
7404
7404
2649
2649
4478
4478
4478
7145
2249
9583
9583
3928
2360
2360
787
787
5988
8351
2543
2313
2313
2313
700
2450
2450
8569
8569
1302
1302
1302
46
46
46
4352
924
4791
4791
4791
1461
4748
4748
8250
895
6995
6995
9599
9712
9712
9712
9712
6666
6765
4896
4896
4896
5818
4288
4860
7604
7788
7788
9929
3689
1132
8864
7676
2738
2738
586
9529
9529
9529
3507
6657
6657
5591
4471
9175
9175
7969
7969
7969
7969
9918
9663
4659
7216
7216
7323
3123
3123
3123
3123
2733
3206
3206
9089
9089
9321
9321
9539
9539
1685
1685
4276
5229
5229
5229
8442
8442
7161
7161
1095
3376
3376
3376
2186
2186
1281
7443
7443
4760
2274
6489
6489
8717
8801
8801
7846
7846
3896
3556
5644
6699
6699
6699
6699
8399
8399
282
282
282
5595
157
9353
8747
8747
4990
6593
3038
6456
6456
7862
7862
7862
7862
6171
1469
7685
5119
5119
4773
1002
1002
1505
1505
1505
2403
8589
8589
3331
3331
3331
3331
4632
4632
8304
2675
9382
3387
403
403
756
8045
668
668
668
7647
4457
283
283
2057
3973
9194
9194
9194
9834
9834
9392
8640
2797
8322
8322
8322
8322
2434
4696
3691
1910
7613
7613
7613
3548
3548
8944
8944
4479
4479
4479
4479
5648
9369
9369
9369
5853
5853
8352
144
9634
9634
8921
8921
4587
4587
3136
3136
1995
1995
5440
5440
1076
316
7004
7646
2790
2790
2790
2790
6612
6612
6612
6108
6108
6368
9383
9383
5396
2461
4174
8553
8553
6988
6988
6988
6038
47
47
893
633
633
3115
3115
3127
3127
8690
8690
7720
1707
1707
4622
4622
4622
9726
3624
7037
4703
4703
9880
826
826
826
6379
6222
9238
7402
7402
7402
1918
1918
4073
2660
2660
4143
2139
2139
2139
1479
1479
3195
3195
3195
8942
8942
993
7335
3959
3959
3959
3959
5192
5192
9343
9343
9343
9343
7297
7297
9751
9751
5608
857
857
857
1180
1180
1180
8396
8396
6437
6437
6454
5564
5564
5564
1526
1526
309
309
5268
3528
3528
294
294
5497
1881
1881
40
1646
2462
2462
2462
39
7583
2510
4460
8253
1697
1697
2367
4229
4229
4229
6113
4982
4140
4140
1353
1822
3632
3632
3407
7799
7799
3522
3522
8881
8881
8881
7757
7757
7757
7757
6073
6073
4802
6604
6223
3504
5356
5356
287
8868
9754
9754
7713
8736
8736
8736
3952
3952
3511
3511
4369
5889
5889
5889
20
5284
2190
2587
2020
2020
1892
4697
4697
2407
8235
4808
7991
5367
629
629
4357
1338
3168
3496
3496
5279
5279
5279
6902
819
819
819
9667
9667
636
5255
8525
8525
8525
8035
8035
8035
8035
7595
2146
4327
3210
3210
3210
2904
9160
7948
7948
7948
2612
3090
669
3783
3783
3783
9593
9593
9593
1651
8400
3710
3710
7926
7926
5646
8139
5581
5105
3748
2223
3217
3217
3696
3696
8408
2507
3681
8762
8762
9802
1682
1682
1682
1682
3677
4931
9041
8172
8172
1589
5753
5753
6208
1592
6148
4726
4726
7630
7630
5566
5566
2059
1177
2937
2937
7176
7176
2145
2145
6850
6850
1713
1713
6826
2590
2590
2590
2590
1355
1355
5096
5096
5096
450
450
450
5196
5196
5196
7384
7384
6631
6631
6631
6631
8494
8810
8810
2973
2973
4447
3656
9566
8179
8179
1223
2197
9733
9733
2702
9633
9633
9633
7516
1102
1102
7578
3047
3047
2288
9939
5871
433
259
259
259
259
259
5081
1925
1925
1925
5272
9103
792
7622
4477
4477
9171
6055
6055
2599
6857
6857
1173
1173
6263
6468
4275
4275
4275
1985
2364
2364
2364
3055
3055
3055
3230
3230
7268
9706
9706
4413
5209
8733
8733
3673
3673
3072
3072
9287
9287
9287
7432
7432
8754
8754
3927
2291
2291
2291
4466
9575
6956
6956
589
8073
9923
971
971
4555
4555
8622
2667
3274
8988
6344
6344
86
86
8923
8923
8923
2365
2365
6256
6256
6256
5168
3490
7933
8591
8591
3100
4671
3253
2930
4063
5365
5365
5365
5365
1520
1520
8458
9333
9333
2768
5446
1269
1269
8782
812
812
4623
5798
566
566
566
3911
3237
8821
1411
3787
2898
8474
7021
9821
4422
2863
2890
6818
1845
1845
2515
6763
5451
4091
4091
4091
2007
2007
8597
8597
570
570
7142
7142
182
182
9043
9043
5940
9511
9511
9950
3299
3299
2976
2976
2976
6758
6758
6758
8119
7714
7714
7727
6626
848
4845
4845
4845
1998
5928
4600
3301
9468
5294
6426
6426
6426
5310
4044
4044
4044
8033
1243
2886
2886
4377
4377
4377
8218
1036
9356
9356
107
772
772
7347
9408
9408
1309
1309
2662
2662
2662
9613
9613
9613
5693
2762
6014
6247
6247
2681
2681
9630
2763
6316
216
216
216
216
3309
3309
6598
6757
860
6433
6433
6960
1650
6041
6041
5865
2665
2665
2665
2665
4109
4109
4402
4402
4402
7913
3930
3930
8536
8536
3226
3226
2970
6607
3449
6890
6890
2532
2532
2532
119
7610
3433
4591
9652
2160
527
5027
5027
9302
9302
9302
288
9466
9466
9192
9192
1451
4751
1472
1472
7575
7575
302
3734
7
4889
3345
4136
7718
1942
1942
9129
9129
9033
9033
1914
1914
1914
1914
2700
5263
5263
5338
5338
8347
8347
2801
2801
1373
5301
5301
3208
7732
7732
4720
3920
7506
2927
5293
6597
2179
4133
6099
8635
8635
697
6713
9141
9141
9505
9505
9505
5894
8930
8930
8930
8402
8402
164
164
164
7435
8501
8501
4333
4333
4333
552
552
2087
2087
7503
7158
9952
1003
6323
6323
5167
3520
4338
4937
4937
4937
4907
2304
7122
7122
1119
4096
2530
2530
9752
2687
1705
1705
3234
3234
6169
198
8825
8825
3792
8735
8735
6369
410
8029
8029
3552
1917
4390
9867
9867
4231
4231
246
246
8010
4774
4774
2397
2397
4819
7538
5887
5887
5069
7545
78
8659
3465
4106
9884
6509
8653
8653
6240
6240
6240
10
8142
8281
1250
4359
4359
6894
6894
6894
883
4492
3711
4315
4315
7881
2506
2506
2506
2506
2952
2952
8058
8058
8058
9210
5908
5908
9022
1058
1058
6150
6641
6641
4394
2347
2347
2347
5884
6064
6064
6064
6064
6064
8812
8812
8812
8812
3826
3826
7725
622
7092
1661
9305
9305
615
615
5930
5930
5930
2166
2166
9606
2764
5525
1571
1571
9651
9651
7389
1922
1922
1922
7132
7132
2187
4924
6199
7456
7456
2339
2339
2339
2339
1969
3869
4083
5333
5442
5442
6596
7267
429
429
429
429
7787
5428
9969
9969
9969
7989
7989
7537
3404
834
2602
6103
7076
8393
8393
6465
6465
9385
9385
5415
5415
8940
8940
9097
1126
9591
9591
8272
1813
1813
7442
5982
3588
3588
3626
3626
9749
7378
2320
2320
3560
3560
3560
8318
6005
2308
2308
732
732
1617
1617
2334
3383
3383
5905
5905
757
1362
9035
4014
4014
8042
7621
7621
709
8783
5353
5353
5353
9249
3933
3933
3933
2959
8213
8492
1693
1693
1693
265
265
265
8899
8899
1904
9748
7046
7046
5401
4938
7662
5823
6986
6986
6986
5855
5855
6152
4202
9047
9407
9407
7454
7454
7454
3427
5230
1703
8983
8900
8466
8466
7387
7387
8915
160
8191
7943
1691
5074
743
343
343
8970
8970
6143
4905
4905
9380
2073
9290
5049
5049
33
6941
398
846
3623
4712
4712
4712
4254
4254
4254
4254
1657
8460
8460
8460
5434
6681
6681
5592
2474
2474
6505
5544
5544
3155
3155
9270
9270
1814
9719
9926
2211
8716
2438
2438
2438
9207
4155
8262
7480
7480
6279
6279
4341
4341
8990
6010
6010
6010
731
731
731
8880
4226
4226
4226
4072
4072
2713
5811
6742
788
788
4219
517
818
2183
2183
2183
2183
999
999
1144
6865
6865
5837
1266
7937
1947
2788
2788
5422
5422
9190
9190
381
1436
1436
218
218
4346
605
605
6269
6269
611
611
4227
4227
3185
4371
2893
7329
9887
3354
3405
5714
9852
9852
4473
4473
4473
4473
6848
6848
8007
8007
8007
328
3394
3736
6779
6380
3935
3935
1346
1346
5139
4268
4268
7269
5242
4579
1794
1794
1794
4520
4520
7252
51
1712
8450
8450
8641
3672
9972
6624
6624
6624
1779
1779
221
8183
8183
9426
1130
1130
1130
1130
5278
377
377
8445
8445
8445
132
6927
694
694
8355
8355
8355
8355
7250
7250
8919
6931
1583
1583
7371
9966
9032
9032
117
9578
9758
9758
9758
8208
8130
8130
19
19
19
3708
3708
3708
7651
6899
6899
6899
2301
230
6618
400
5825
8062
2048
8645
3
8562
7222
308
308
2622
5221
5005
3068
3068
6678
2362
2983
2983
6832
2311
2314
5131
140
140
140
9131
9131
4365
4365
5114
7734
5630
5630
6982
1442
1442
1442
1442
7761
6774
7428
4209
6971
6971
6971
1629
1765
1765
7290
7290
7290
3593
9868
2018
2018
9418
9418
3255
3255
3255
4801
4801
5596
8688
5659
5659
3314
3314
3486
3393
3393
8129
2193
2193
8472
8472
8858
8858
8858
6972
6972
6972
2169
2169
2169
2169
4264
3213
816
9741
8725
8725
8725
8725
1649
3010
3010
6312
6312
7319
3099
7810
5325
5325
821
821
5961
9223
5236
5236
7248
1107
5258
2635
4569
3889
3889
3889
535
2143
2143
2143
531
531
531
2205
8440
8440
8440
8440
3015
3804
4024
8799
3518
5433
5433
3327
99
6638
4201
7369
7369
9154
6210
6605
6605
5256
8985
8985
2692
2692
2692
7593
7593
6702
4545
1509
6592
8829
9396
9396
9396
9396
2664
6069
9745
903
4885
4885
4342
4342
4342
4342
1698
1698
4983
9523
9799
8964
8964
6374
1500
1500
9464
9464
3806
4431
2582
2582
7413
7413
7413
191
1840
3232
9892
9892
9892
8303
8303
1603
606
4241
2609
2609
342
2919
2919
6088
456
2645
7088
7088
4608
4608
4608
397
397
2351
8413
4019
4019
2849
8510
8510
8510
8524
8524
4807
7281
2638
2638
2638
2953
2953
1375
1375
1375
7408
5719
7944
4058
7403
7403
5724
5724
6886
4467
4467
5047
6094
6094
3554
3554
3554
3254
3254
5091
5091
5091
587
3822
3822
1272
8491
8491
7080
2058
3695
8895
9674
9674
2445
7939
6791
5077
1023
869
3549
9151
8377
8377
1964
1964
6679
8676
8676
1008
5945
9934
9934
9934
4301
4301
4301
4410
4410
4410
6870
6870
4464
9687
9687
9687
6748
6748
6748
6748
910
910
3859
9656
9656
3625
9295
9295
8276
8276
483
483
6264
6264
6264
777
2933
2933
2933
2241
2241
2241
2241
2241
4434
1882
1882
5820
1097
4102
8278
8726
5807
5807
5807
1552
5627
5627
5627
5627
8125
8125
8775
8775
8775
8775
1412
1412
4820
4840
4840
3191
7954
4043
3938
7807
208
208
208
7444
5369
2032
2032
2032
744
744
739
3720
3720
5400
2826
1200
8787
9123
2522
5697
4560
4560
4560
4560
4560
5835
5835
5835
2405
2405
4206
2391
7730
8958
5304
4343
4343
7805
7805
755
7664
379
9882
9882
9882
174
174
4699
5021
435
435
8152
4816
9327
9327
9327
2144
8522
8522
704
704
6396
4150
4150
4150
4150
3948
5553
4499
2432
9618
3033
3033
3033
3033
7620
9308
9308
9308
4138
2816
1895
862
862
1690
9165
9165
6172
8679
8679
1366
8552
8552
2024
8312
8573
8670
854
854
8240
8240
8240
8818
8818
9452
9452
3294
8115
8115
6951
3478
2356
2356
2415
7476
7476
7476
7476
7476
1407
1407
3830
1232
7262
7262
7618
3251
3251
5981
9460
5085
5085
745
2297
4351
4351
4351
7672
3828
2210
638
873
873
1791
6560
8411
8411
1418
1418
6359
6359
4847
4847
4663
4663
1606
8905
8905
4641
4641
7907
3201
2856
7368
6866
3525
7199
7199
4517
239
239
4282
7060
5586
9125
9312
1360
1360
1360
5946
5946
6501
703
703
703
6098
301
2103
170
170
170
4959
4959
5380
1927
1927
3074
3074
3074
2075
4679
4438
4438
1434
5185
3612
3612
3612
3612
319
4223
4223
5742
3886
7307
8187
8187
4293
4293
3054
8397
8397
4207
6639
6639
5942
168
8162
5533
3260
4536
2621
2621
4989
4989
682
275
275
275
275
3812
3812
6212
6212
6212
4122
7533
7533
6230
6230
3346
3346
9075
9075
8999
2794
555
555
5079
3821
6213
6213
1167
9877
7691
3066
1634
1634
1634
8957
8957
2196
1844
52
2490
5597
5597
5597
3781
6285
7111
5362
5362
9437
299
6417
6417
8097
4866
4866
36
4097
280
1376
6163
7289
9553
9553
9836
6533
3270
9268
8204
7303
3988
3988
4637
9541
1094
1094
2322
2322
4904
1716
8341
7945
5140
3608
3608
8554
8554
3190
5499
2279
5198
5198
1842
5567
5357
236
236
3771
3044
3044
1820
1820
4995
9344
9344
3219
3219
9172
9172
9172
9087
4291
8796
8796
8796
5327
5280
5927
808
5317
5763
5763
2216
5691
9902
7899
7899
7899
7245
544
4198
6419
6419
4640
5537
5537
947
6648
7087
7087
521
521
9854
5086
5086
6503
6503
7870
7870
7870
8048
6923
9677
8644
4021
3843
8100
9388
4681
8257
8257
9771
6130
6056
1242
1242
9552
9552
7968
7968
1325
4184
4184
6219
4524
8343
8343
6459
6459
6700
6700
6700
6700
4979
9540
16
16
1468
5776
5776
6895
6895
241
9116
9116
9116
5937
5762
5762
3154
5075
1756
1756
6527
6527
6527
17
17
17
844
844
844
6251
6824
6824
3395
340
1194
556
8429
2753
4127
455
4864
4864
545
545
545
9931
9931
6102
1183
2181
6512
2830
2830
7345
7345
7345
9559
3334
1851
1851
1851
9271
6097
6097
9988
7886
4902
4902
8011
8184
8184
7098
713
713
958
6028
6028
6028
2871
7747
7836
7836
964
4742
4742
8718
4974
1343
1343
1343
1615
1615
6445
3757
3757
1010
1010
8221
8221
8221
6271
6271
6271
3784
3784
9835
563
1935
271
2853
2853
4764
234
8484
8484
8484
1363
1363
1363
1018
1018
9011
9973
9973
1992
1992
4494
4494
9925
8770
718
1153
5989
2964
2964
418
8630
3462
3462
9291
9562
9562
8346
1743
2695
1937
1937
1937
1459
1459
1459
4381
4876
5899
5228
5547
5547
4643
6129
6129
6129
6129
6129
9273
2984
267
579
579
579
8279
1879
2955
4218
8792
8792
8792
3379
484
5731
9256
3893
3893
7459
7459
7459
7459
9948
9948
8093
1565
2922
2917
4661
4038
4038
4038
4557
2396
2714
3827
1464
1575
1575
1575
1575
1575
7485
7485
3471
3471
4103
4103
4103
5868
5868
5169
5169
5169
8768
8768
8768
8768
8177
1471
1471
7571
7449
2305
2614
6100
3986
9890
8306
8306
8306
9564
1829
8803
8803
8803
496
496
9512
4238
7075
6387
6387
6387
5068
5068
5068
5068
9078
9078
9078
9078
9078
9078
2812
970
4325
7770
8773
9057
9057
2056
1996
1996
1545
1545
6319
6615
6615
3997
2544
8314
8314
4334
1933
5072
5072
5072
5072
6053
6053
1530
3146
6526
6526
3483
3159
3159
3159
9565
6952
6952
6952
5730
5730
7743
7743
1684
1684
1684
9851
1268
3094
6430
6430
1806
1806
1806
5876
5876
4616
8485
7423
7423
7423
7423
5514
1902
1902
1902
3370
9810
9810
9810
2447
2447
3011
3011
992
9334
1825
5745
2556
2556
1930
3884
2647
2647
2409
5898
5898
8666
8666
8293
8293
6477
843
843
843
6024
9936
9936
4767
9442
9442
9442
7515
329
8428
7993
7993
9530
9530
9354
9354
9671
9671
9671
2784
2784
2784
3688
3688
2655
4330
4330
8955
3278
5536
5536
1725
1725
945
945
8461
8461
8114
8114
9792
9792
9792
4798
4798
3220
9174
9174
4548
5150
6885
6669
6669
3791
3791
3791
8890
8890
8890
1211
3132
3132
8532
8574
8574
8574
8574
785
9639
1723
8140
7030
9084
6752
693
602
602
7543
7143
7143
2163
2163
6656
7551
7551
7551
1151
1151
1151
1151
4020
1438
1438
1438
8002
8002
6904
3805
7930
6259
9456
9456
8847
6552
8134
8134
3972
571
5313
5313
3978
4636
7552
7552
7552
6947
6868
6868
4571
4571
9837
2996
2996
2996
1197
273
273
6299
6299
6299
9003
5571
5571
7291
7987
2773
9029
9029
3134
7009
7009
4116
9491
5048
5048
5992
6715
9572
7524
7524
1129
1129
1129
3024
3024
1637
199
2558
5447
5447
1999
1999
7023
2420
3976
3976
8638
4677
7808
4897
3647
2245
2245
2245
8617
8617
8617
8452
8452
7674
8786
5774
7163
7163
8652
8652
1877
1877
878
8709
6658
6658
6658
6173
6173
4033
9508
1218
6284
6343
2771
1665
1665
6929
6929
6929
8962
3663
6124
6446
6446
6446
3613
3613
3613
1886
1886
2505
2505
2505
2152
7247
5880
1187
4946
4721
4721
3995
3995
3995
494
494
8336
61
6978
5223
5223
5223
1432
9766
879
9682
6331
6331
7673
7673
7465
2935
2935
2935
1264
1264
908
908
908
2756
9337
9337
9337
9337
6875
3923
4809
5078
5078
5078
5078
1342
9276
5039
5039
4118
8348
7481
7481
670
1678
7184
2379
4360
7064
4049
4049
4049
9919
3216
3216
3216
7270
9801
1245
2077
1893
522
522
522
8146
6504
2480
9282
365
365
6565
9907
9907
8704
8704
3323
9497
8454
7959
3809
9705
9536
2010
5657
3076
2457
66
66
5060
3701
5733
5733
2673
9162
2220
917
917
1386
6101
9244
652
4951
4335
4335
4335
6416
13
13
5087
5087
5087
4425
4057
4730
8777
8777
1963
3164
9472
9472
9472
9472
7077
7077
9310
9310
5843
5843
2755
2755
2755
9410
9410
8600
8600
8600
5070
5070
7179
1711
2459
4007
4007
7296
7296
7296
5677
5677
463
654
654
654
1929
1372
3019
9326
9326
4868
7653
4825
4825
4825
6321
5656
8463
6893
6893
6893
6893
9595
931
931
931
931
8376
8376
3031
5495
2885
4440
7043
7043
4523
8961
4870
4870
4870
1326
1326
774
774
774
9046
3666
607
607
607
1188
1188
4980
748
748
748
6495
6495
5426
3638
3638
9082
8238
7919
7919
7919
7919
7919
5840
9040
933
933
933
933
6661
6661
3576
3576
3576
3619
1847
2810
95
95
95
2111
2111
1597
1597
5805
5805
1101
3811
3811
4756
4756
9432
9432
3955
8311
7355
7083
984
984
8902
802
2807
6692
9528
4670
6077
2159
2159
4344
3962
5205
5205
5925
9345
8759
6071
6071
6071
6042
6042
6042
6042
6829
6829
6829
6711
4228
618
4541
4541
5896
1734
1734
6142
7753
7753
6228
2019
5023
4230
4230
4230
5273
1570
7352
5331
8648
4362
4362
454
6589
497
7204
7204
3157
2577
2577
2757
2757
1348
921
2487
4050
4050
4973
3856
1159
4535
1416
6581
9496
9496
9496
7120
4190
8261
5795
32
3862
3862
4927
4927
6345
6345
8448
5181
1054
5332
3435
4963
4728
6969
6937
6937
5679
9935
7013
7013
5066
4948
4948
4948
6759
2342
1423
9428
6255
9680
3967
7400
4234
4234
8760
7304
7304
3648
2553
2553
1695
8588
9484
9881
5892
5892
8081
8081
5678
5678
5678
1193
1193
1859
1721
1721
1721
809
6635
3678
3678
8784
1385
4647
8197
306
6405
6405
8753
8753
2162
2162
2162
6499
6499
6499
7839
7839
9299
9299
4700
4700
2508
3372
5736
7149
7149
9381
9728
9697
9697
9697
1484
9699
9055
8473
8473
8473
8721
5698
8241
8241
8241
5816
3926
7314
427
1994
1994
1994
1994
8628
3310
5204
5204
8247
3120
3120
3120
5441
5441
4739
8329
8329
3932
3932
7488
7488
7488
9446
9446
4324
7356
416
8380
8380
8209
8209
4403
4258
4258
2310
2310
8863
1161
1161
8269
5846
5858
5137
7137
7137
7137
7755
7755
7505
9412
4319
4319
4319
1299
9297
512
6916
1258
1258
8231
8231
3441
178
2088
2591
2591
7550
7165
4114
4114
4114
4698
4624
445
445
7566
1828
1828
346
3252
3252
3252
1034
8765
2174
2174
3756
3756
9483
502
5101
9093
9093
3796
1704
9828
9828
3238
5959
173
2938
2737
1100
6920
9417
9417
1628
7151
7151
439
439
8436
2269
2269
4577
4577
5778
9844
9844
2815
7792
7792
9800
767
767
767
9234
9234
1260
8435
4367
4367
4367
9480
5127
5127
5127
5127
914
914
6636
6636
6636
5510
6528
3775
3775
3775
3737
2774
310
310
8969
202
202
202
1577
1577
1577
6238
6721
6721
2842
2842
2842
2842
7115
7115
7115
2648
2648
4130
8443
4975
4975
4975
4975
1849
1061
1061
1061
1061
1061
3702
3702
4682
3178
3178
3562
3562
4551
4551
2639
2639
2639
631
2041
1370
1370
4059
330
330
2370
8449
1387
6147
6147
811
4890
4245
9722
7177
7177
4481
2345
2345
4345
1640
1640
5606
9149
1971
9294
9294
4729
523
4025
6595
9525
9525
9525
6025
8876
3937
8050
6209
6209
3231
3231
3655
6524
4002
4002
8981
3492
3492
3867
965
2836
5210
4178
4455
1056
5092
5092
231
4474
1574
1574
24
4111
6397
6397
3838
3838
3838
1762
1538
8503
8503
3241
362
362
362
120
120
120
3551
3551
1093
30
1231
1231
4113
7045
7274
7091
1444
1444
5265
5183
5729
6414
6414
3794
2997
2997
2997
6787
6787
6787
4880
8080
8080
6559
9744
9744
9744
5136
5136
2319
446
3357
3357
2915
3267
6125
7813
3915
3915
9788
8176
3273
3273
3273
8386
8386
4511
4511
4511
7294
137
9858
9858
9858
9858
7955
7955
9421
9421
4945
7617
7617
6798
4510
3641
3641
9319
1854
1854
5716
101
3249
3249
3662
4615
4615
4615
3815
3815
8344
8344
4610
4610
7555
7152
7470
6932
3111
3111
3111
8479
8479
8479
1858
1858
6867
6867
6867
6867
3903
9325
412
412
5266
4747
9605
9605
1671
3658
3676
3676
8500
1394
2979
1555
793
1274
3542
3542
3542
6698
8560
1557
3841
7327
7731
2330
2330
6220
6220
5796
5796
5796
4054
4054
4054
8366
1336
1336
7108
6614
6614
5374
4370
4370
2209
7665
7665
6488
3280
3280
3153
8004
5971
1043
1043
1043
2901
2901
9545
6833
6833
1064
1064
4977
4625
4509
4509
4509
3265
3265
363
8867
8867
1761
1761
1761
1761
1290
1290
5026
628
628
628
1512
8558
8558
4741
7978
3570
3570
9187
5651
5651
5651
9756
776
6959
4085
4085
7678
6048
9899
1731
2998
7350
3467
3467
7236
5371
5371
5371
5486
5486
3984
6039
6039
5929
3059
5296
1797
1797
2395
5854
1524
1524
733
8778
4423
4423
4423
1401
2055
2055
112
8395
8395
8395
8430
8430
8430
155
2880
5172
5172
3575
3575
3575
3575
1527
8879
8879
8879
5190
5190
2726
2726
3180
3180
3180
3637
6115
8490
8490
8490
5032
7510
2061
9453
9453
7623
7623
7623
6783
516
2883
2883
8734
8734
2293
2293
2293
1104
1104
4849
4849
276
8885
2523
2523
2523
2523
7828
8646
4749
8571
8571
8571
8571
9587
9155
9155
1029
675
1631
902
8504
90
2126
4772
4772
1189
1189
1189
2727
2727
4883
4883
4883
7832
7698
3401
3772
3772
5398
2789
2789
3214
2493
690
6911
6303
6303
54
54
54
2119
5941
5941
6357
4859
7426
3894
5457
4193
2070
2070
7490
6712
6712
8403
9953
2065
2435
625
1664
5794
5794
5794
1835
1835
1835
8866
6229
6229
4780
8906
8906
937
937
937
1658
1658
1658
133
3833
3833
7438
1113
3451
6037
6037
5351
5351
5351
663
2199
2199
4068
4068
4674
2825
2825
2691
2691
8729
9395
9395
9395
2276
2276
6195
6327
6327
6327
467
2604
9203
9838
9838
9838
6444
3630
3630
250
250
250
6915
6915
6915
9621
4553
4553
4553
169
1354
1354
3298
3298
9625
9625
9625
9099
5978
5978
762
797
797
797
1238
1238
1238
4757
7112
3680
3680
8790
7105
5117
5117
6061
9737
9737
8519
7721
7784
7784
27
27
27
2724
7924
3968
3968
1750
6110
7712
7712
7712
1990
7321
2715
2715
408
408
460
460
3097
3097
3097
8700
9603
9603
6871
4090
4090
8290
3140
2316
1148
1148
1148
6532
6532
4442
2824
2824
8095
8211
5414
1345
5291
5291
6134
6134
6134
1397
1397
3693
3693
3693
9985
29
3592
1492
6485
3328
3328
8088
8088
2410
475
475
9069
3320
3113
3113
3113
9212
9212
9212
9940
9940
7150
7150
7726
3532
393
8788
8788
5598
6109
6109
8085
4906
4906
3103
3103
5285
8256
5479
8884
9933
7136
5952
266
266
2746
2746
7855
7855
8882
225
3005
1559
7298
8043
6789
6789
337
3668
3668
8308
8308
8308
8308
5711
9561
9561
9561
9789
7001
1340
376
1465
1465
5305
8266
3665
8785
94
94
5312
5312
7361
7361
7361
1084
8802
6686
296
296
296
8527
2387
724
724
8277
8529
6164
6164
7641
7641
7641
4601
2218
2218
2218
7308
156
4215
6535
6535
7284
4685
8649
3941
3941
3941
7696
5253
5253
7835
5584
5584
93
6997
6997
6997
6997
4861
1237
594
594
594
7778
7778
2894
2894
7495
2421
951
951
7024
6511
6511
6511
3878
3878
9657
9657
4894
1490
1490
1490
2632
2632
3618
7089
7089
7089
1062
1062
6057
7745
7745
3037
3037
9054
5420
2497
2497
2497
2497
4785
4785
4785
8230
9666
9666
4602
9375
1585
7225
7225
8202
4926
4926
3428
3428
3428
7220
7220
7220
6561
7650
7650
4769
8830
8830
9869
8626
6822
6822
6822
1898
3832
6889
5842
9581
9581
735
735
8223
8223
7497
7497
6543
6198
6198
6741
2180
9567
1127
7059
8387
8387
9866
9866
2302
6326
6066
6066
6364
6364
3082
3082
6766
2468
6297
2097
2097
5464
9211
7632
7632
4186
2270
2270
956
956
8857
487
487
468
5366
5437
5437
5437
5437
7986
4252
8453
3877
9842
9842
5298
5298
1174
1174
5233
5233
2585
4236
3975
6155
6155
769
769
2751
4942
5993
2993
2993
2993
2993
974
974
974
3956
128
691
2423
2423
4594
130
2942
274
274
4911
5549
6843
6843
2151
2875
2875
2875
8364
5270
5270
7018
7018
7018
5838
3509
3509
7069
7069
4872
5984
1645
4668
4668
1378
3203
3203
2579
2579
5013
5787
3762
269
4799
4799
6733
6733
6733
9361
6202
6202
6202
5911
7790
7790
9646
9646
5063
9879
9493
3221
5965
2513
6861
6861
6861
6940
6940
1049
1049
1049
7322
897
753
753
4089
7863
1718
1718
9915
9915
7896
7896
166
166
166
3001
2164
2164
9173
7796
7796
7796
7796
7796
8423
9516
6521
6993
6993
277
5612
8434
8434
7483
7483
4740
2735
1048
1048
4216
9284
9284
9284
8147
1455
2317
2317
2317
2785
7660
6227
68
68
7156
7156
2105
2078
8936
209
209
209
4645
3020
3020
2156
2156
5707
5707
5707
1149
1890
1890
1890
4599
4566
7535
596
84
84
2651
2651
1212
1212
1053
1053
3384
9770
7573
3440
8101
9231
6820
5133
3149
3149
2900
2900
2900
1267
4869
5175
1788
5741
4034
7740
7740
7740
6009
6009
5375
6023
6023
864
864
3118
3118
2325
2325
2325
2325
2214
2511
705
3636
1457
1457
1457
419
4235
3517
6906
4638
4638
3728
3728
3728
4875
1073
1073
6322
6322
9479
1672
3457
6723
6723
7980
1150
4453
6577
3581
3581
3581
9455
2336
1217
7795
76
2696
325
325
7343
656
656
159
159
3403
5629
9547
9547
9547
2009
2009
3664
1818
1818
1213
7946
7525
7266
7266
7266
9778
3400
3352
4694
4694
4419
8054
5504
4722
4722
4722
3595
5051
5051
5051
8841
8841
6081
8809
8809
4385
171
1430
349
1608
1608
7209
5076
3197
3197
9612
9612
874
874
3870
127
127
127
9000
9400
5821
9574
9574
3397
3397
5833
5833
8928
7559
9076
9076
9076
711
9769
7282
740
740
8854
8854
8854
1489
2701
2701
3958
8846
8846
8846
2361
2361
2361
9896
9896
9896
3432
3432
6450
3824
3824
3824
8523
9398
7869
1296
1296
7194
9787
1494
1494
1450
5321
356
5062
6016
6016
6016
9965
9965
2627
8916
6546
726
726
726
7174
7174
2224
2224
7309
6525
6525
6525
6525
4607
4732
8234
8234
8925
1277
1277
1485
3921
5878
5878
5878
3084
3297
4353
7264
601
601
5222
5112
8432
2414
2414
5014
5014
3887
3887
8216
8216
255
255
255
3657
3657
3657
2171
2171
2230
8581
4272
4272
1120
5283
4480
4347
4500
588
588
588
519
519
2597
7373
7373
7373
5387
5387
3295
824
5211
5211
2129
1074
5804
5804
3291
3291
2902
1403
131
131
2349
7878
7878
3682
3682
3682
3308
7464
1962
3256
3256
5323
5323
5323
5323
8389
8389
7061
4935
5363
5295
8677
9492
9492
9492
5752
5752
5752
3182
7614
8903
8903
8903
193
6730
6730
7193
6856
6856
5393
4469
4469
437
4411
4411
9221
8237
3818
3818
2329
2329
7914
1068
1068
1331
1331
470
1210
9358
2992
2206
2206
3381
7972
3453
3721
3721
3524
3524
5634
4210
7983
5642
2321
4148
5481
7119
4088
6119
4107
4392
4392
4392
2202
2202
7603
7603
4969
9498
7961
7961
4992
69
69
6478
81
81
7153
8324
6811
6811
5531
5531
8701
9044
9044
7936
4540
8212
1466
1466
9900
664
3416
3375
4039
8995
1830
1830
7019
7019
3539
4368
4104
4449
3768
1184
3077
3077
2372
3947
3947
4546
5983
7286
4183
4183
2355
9642
9642
9642
2502
7850
3012
8710
8710
5628
8210
7175
7175
3839
2004
2004
1817
9586
6691
6691
6691
6691
6691
5438
5438
5438
5113
2425
6401
2064
2064
5667
5652
751
6282
6282
7044
2045
7106
5142
5142
5142
1974
9384
9384
828
1300
430
430
430
7976
5290
7439
7439
9120
9120
9120
151
151
5972
692
692
6428
6428
2331
442
8439
5554
2357
768
3200
7492
97
97
9500
9500
714
714
9117
9117
6814
1928
8083
4829
4829
4829
4829
2504
1662
4436
3117
4011
4011
7558
7558
4364
6083
9471
3628
3628
1502
988
988
1861
1861
7094
7094
7094
613
3709
3709
4212
4212
4391
2889
2889
7871
1357
1357
6336
6336
1957
1957
9501
9501
8385
6676
6676
6676
1581
5692
5692
2775
3607
3607
1547
1547
4572
5550
2053
2676
4163
1170
6805
6805
8678
7609
4142
9616
3421
5018
1178
5370
4250
4355
2754
2754
2754
7074
4783
2834
2618
8960
8960
4271
4271
4271
4565
4565
4565
449
449
7416
4162
4162
2865
2865
9364
9364
9364
961
961
961
5152
3789
3205
3205
4962
4962
5159
8742
5953
5953
5953
5953
4887
1389
1663
4443
4292
9903
7803
7750
1117
1117
5654
7793
7793
6549
4552
3247
5104
5104
5104
5104
1582
8047
8047
8047
8047
1913
6553
6553
8776
9993
9993
9993
2731
2731
2731
2731
141
1780
1780
2258
2258
2258
4929
3627
1255
4267
3112
1359
7562
7848
1620
1620
1620
7121
7121
7121
7872
7872
9959
7669
7669
9817
9817
9817
6225
6225
3634
4349
3848
3848
9943
9943
715
715
3060
1228
1228
5020
1222
7305
7305
7305
5384
1405
6187
2112
2112
2109
2109
5664
2596
2596
4247
9085
3293
9163
8090
3510
3510
3510
696
696
5625
6858
6858
4838
1878
6122
6122
7453
7453
1972
2071
2071
2229
5867
7530
9413
9413
9413
3218
2149
3330
3330
2659
2659
2659
1341
1341
6863
9956
4795
9661
2498
5881
8705
8705
6682
1246
1246
1246
1246
1246
8451
8451
9157
9157
5251
8378
8378
2472
9240
9240
4032
7806
3977
8911
8911
8911
8683
8683
9975
9975
9975
6600
8056
8056
219
219
4027
138
138
441
441
4213
4213
7507
7557
7557
7557
3629
3325
203
203
5160
5160
673
5318
2484
2514
4320
4320
368
7548
7548
5964
9615
2096
8113
929
929
8744
5329
3599
3599
3572
3572
3572
9885
4908
4908
6191
6191
108
5453
5453
5649
1327
1327
2581
3730
3730
9285
258
5391
367
5814
1945
9070
2535
9794
9794
9794
3174
3174
3174
7496
5002
2011
4222
2539
498
1203
4714
4662
5311
4981
4981
4981
4981
3386
3386
6306
6306
6306
1887
1887
5029
3999
3999
3999
7884
2082
2082
9704
2312
125
125
2584
3569
3569
6519
6519
74
74
1689
2595
2595
2595
3578
3578
3578
6966
5635
5635
5635
5635
1970
1944
9009
9009
6031
492
2243
4711
8660
8660
5739
1219
1219
1219
9296
9296
9296
5404
5404
462
4376
1410
5585
6349
9873
9873
6160
6160
281
4582
7219
7219
8040
2781
8409
4737
4737
7191
4280
7103
5469
8288
8288
508
508
508
7598
7598
7598
730
730
5950
5950
6447
6362
9944
9944
7063
7063
8993
2239
2239
5186
5186
4965
4573
4573
3957
1214
1214
3770
3770
5934
5934
5934
5751
1941
1941
1941
1941
4372
4372
4372
4372
4372
4372
4372
272
5003
6586
9263
293
3484
5116
3335
4240
4240
4382
4382
5611
9166
9166
4612
5084
6718
8243
8243
8243
7561
2489
3259
3259
5320
3418
3418
3847
934
934
934
7272
794
4554
3635
3635
2552
9609
9609
9609
176
176
176
176
8636
8636
8636
8498
2525
2525
8258
634
186
3776
3776
3776
9632
7833
1746
771
771
771
7771
7771
285
5147
8918
8918
3801
665
665
7580
2916
2916
2916
4196
5097
5097
5097
5269
5844
213
765
1567
8974
8974
2481
1473
4789
4789
4789
7486
7486
2475
312
312
312
312
312
1668
1668
1668
892
5089
5089
3807
3396
2411
2411
2411
2411
245
4567
5300
5300
1652
1652
1155
5949
2867
6296
6296
7407
7407
6158
3186
7287
8273
2324
3687
3687
8356
8356
4022
4984
4891
4891
4177
4177
4177
3447
476
476
6184
6184
6184
8828
8720
4487
7022
45
45
45
8106
1591
5224
8023
3965
1424
1799
6926
6926
6683
9336
9336
161
161
3188
1739
5530
5530
5347
6576
6576
6576
7243
44
44
6128
6128
8694
8694
8694
6611
7057
4763
8518
8518
3743
4124
884
884
1504
9201
9201
9201
9201
3519
3519
9288
9288
3733
7817
2650
2650
2650
7452
7452
2262
2262
7852
7852
7852
1088
3402
6363
2408
6968
9079
9079
3769
7553
4195
4195
8952
5004
9556
7316
4755
8692
7344
6154
6154
5123
7375
3353
3353
4972
5800
4692
4692
2546
2546
2546
5184
1843
1843
1843
1843
5121
5121
5578
8797
2752
2752
3063
3063
3063
3063
1065
1065
6376
2479
6420
789
789
1475
8248
5448
7427
2792
2965
503
2601
5956
6646
6646
9521
9521
9521
3108
6026
6955
5354
5354
5354
8556
2283
126
1982
5193
4900
4900
8586
7995
8612
9366
9366
6085
2978
5602
5602
506
506
506
5455
7925
6551
6551
7255
7255
2961
2742
2742
2742
1833
4009
4009
4009
384
3724
3332
3332
3332
1
1
6486
6486
1398
1398
206
206
206
738
5723
8697
9910
9910
7224
2213
372
1364
1364
3573
3573
2845
4960
