10000
9018
242
242
38
4690
9313
8885
268
268
8445
8445
9226
9226
1982
1982
1982
3817
742
742
1930
4873
8830
6353
6353
6353
409
2326
5457
5457
1577
3714
3714
1593
1593
1593
9220
9704
9704
9704
6913
8389
8389
8389
8389
3893
3893
3163
3163
3163
2151
8001
726
2758
8941
3223
8540
8540
1305
3492
4368
4368
9694
822
822
8910
8910
8910
8910
5108
298
1420
5045
5029
6141
6657
6389
8413
8413
2648
4699
4699
1206
8356
1025
1025
1025
5353
308
308
8919
4259
4259
8542
8542
3438
3438
6189
6251
7055
7055
335
335
1519
1519
1858
1858
2605
2605
2605
4019
6280
6280
6242
6242
8922
7477
1581
3766
3766
6496
1616
1616
1326
5699
5699
4956
4956
4417
4417
4417
4417
5785
5785
8026
5452
4526
5296
5296
4907
8779
8779
1715
1715
1946
1946
1102
7763
654
654
654
2213
2213
2145
2145
6993
6993
8973
5042
5042
4777
2398
2398
9230
9230
9230
6516
6516
9703
911
911
911
332
3585
7992
7400
3635
5413
5413
1854
1854
8190
8190
7140
3813
7242
9947
754
754
754
7483
7483
7483
8663
1357
8895
8895
4992
9989
9989
9989
7356
9262
9262
9262
6003
6778
6778
8303
3798
414
4430
1264
4117
4117
2541
50
247
247
247
8151
8151
6887
6887
8306
8306
1141
9585
9585
7797
3383
3383
3383
3383
6447
6447
1934
1514
2016
2016
2016
5928
5928
5251
2383
8372
54
54
6284
6655
524
926
4233
4233
5945
1006
4068
2039
9092
1529
9103
7725
5941
7162
7162
1682
8485
4619
4619
9173
1652
5976
5258
5258
3506
9088
9088
8754
8547
8547
841
4934
5109
2724
8606
9969
9969
6613
6613
8995
6974
889
889
6520
9933
6385
3017
9032
9032
6863
6248
3718
917
917
8085
7979
7979
7490
7490
461
3181
3181
3181
5243
5243
1018
4584
4584
5144
6835
4455
5722
3846
3292
4796
6174
9672
8061
3451
9477
9635
6259
774
2091
277
5640
5640
4682
3220
3220
3220
2710
849
849
9645
8622
8622
2515
6341
4163
4163
7403
7403
523
8000
8000
8000
305
3298
3959
8316
8316
1204
1204
1204
4178
4178
4549
3967
3967
870
870
2691
9593
9593
2042
8846
8846
886
886
886
2120
5676
5676
2343
2343
2066
8415
8415
7842
2751
6763
3240
7380
1106
1106
6132
6132
6132
3991
6100
2570
2733
5520
7309
7340
6917
6917
5182
4374
4374
7737
7737
6832
6832
6832
1696
5345
5345
5345
4447
6685
6685
9363
7910
7910
7910
5267
5267
5267
5267
860
860
9751
9751
9751
4704
4704
9050
9050
9050
9237
9237
9237
9080
9080
4489
3180
9498
9498
9850
5801
9123
389
1880
1880
3698
3698
3698
9523
2562
520
8501
358
358
3294
4732
3284
3284
9934
7378
7378
4011
3795
1072
1072
862
854
854
854
8578
8578
1587
1587
441
6148
6148
6750
680
7502
9801
5560
5560
5560
4586
4586
3174
5569
5569
1320
4168
8777
8777
9017
9454
9236
9236
4606
4606
4606
4606
9369
8859
5797
6654
2579
2579
9281
4196
1727
5473
2771
4012
4012
4012
8551
3896
3896
9263
6854
6318
5665
6946
1382
8670
8670
8670
9111
485
2749
533
1995
986
986
986
1071
1431
7338
7338
7913
8659
2240
2240
7816
947
3353
1571
1571
3128
2671
7850
6181
6181
3548
3548
1839
7196
4222
4222
4222
2463
2463
2463
7010
7010
7010
5395
5395
7701
7701
1825
9257
9257
9257
9257
4311
3443
2317
2317
2317
8687
8687
8687
8917
8917
5577
5577
5577
2209
4192
6074
6074
7152
7152
2583
3126
3126
2346
4177
4177
4604
1203
4073
3236
3236
4772
2192
4669
1869
7265
7265
7265
7265
7265
8245
8245
8245
4798
4798
5054
5054
6207
569
3016
5587
8819
7721
3231
1522
7409
8077
8077
1653
1328
8010
7452
8359
7283
6936
842
922
1796
5633
5633
7900
7900
4054
1801
7159
6264
6264
8358
8358
8358
8358
3625
4424
4424
638
638
2825
2825
4812
4811
7252
7252
4678
4678
5631
4035
1045
1045
1045
1045
5072
7448
4683
3691
5295
7310
4517
4517
9560
9560
9560
4080
8678
8678
3968
8454
7150
7150
96
5747
5747
1051
1051
1051
7354
7354
2549
6615
9675
275
275
5275
5076
5076
9417
9467
9467
9467
9467
7528
5906
5906
3125
617
7109
7109
3043
145
6415
6415
1734
8447
4878
4878
8614
5893
3952
6027
4307
192
2803
2803
2497
7521
7521
4947
4947
4947
4947
1228
2437
2437
2548
2857
7081
913
913
7876
7876
4721
6015
6015
8240
5459
7540
6836
6836
696
6234
6234
5664
1599
5894
5894
2802
3124
8072
4935
4935
8379
4534
7039
7039
6696
6696
3211
8641
6246
9624
9624
6820
6793
571
571
6145
6145
6102
6102
9696
9696
9696
7059
2695
2695
8757
8757
8757
2450
8831
4980
9868
9868
2504
7973
7973
5344
3815
3815
3815
4600
4940
7829
439
8744
3538
4538
668
7507
7507
3749
7323
6387
6387
6387
3199
3199
70
4877
4877
4877
3970
3970
3970
7762
9397
6803
2640
6116
6116
8537
2166
2166
7387
2604
6212
5713
508
508
508
3100
9536
9536
7138
437
437
437
1683
826
826
463
6607
7536
7536
2103
8002
8002
8002
2621
7508
9078
4265
2744
2744
2744
8776
8776
8776
8776
9975
9509
5477
5522
4609
4609
4609
4609
4609
4609
6551
3414
3414
3246
5183
9197
3197
3197
7871
7871
7871
9986
9986
1915
1915
1915
7347
7347
7459
1568
1568
3578
3578
90
9274
5989
7647
6616
9152
191
191
8165
4053
8727
1132
6075
8593
8593
8593
4297
4297
5601
5601
9356
8770
2531
2531
880
880
7800
3531
6875
1766
3932
3932
2328
2328
8887
7534
7534
1739
1714
1714
1714
1714
6237
6237
8936
8936
8936
8936
8936
5590
5590
5590
310
6397
7037
7037
9579
9579
3286
8179
7015
1551
1551
7733
7733
7733
6743
6743
6966
6966
2651
2651
2651
1239
1239
8646
9273
6501
3808
6610
6610
6610
9233
9233
3419
3419
5488
5488
3156
4488
4488
5430
2573
8422
9660
9660
9660
3221
3221
3459
9241
8665
8665
8665
1808
3374
5310
5310
5310
5310
9823
9823
7277
1959
6857
3730
9653
7496
7496
7496
3543
3543
3543
8938
8938
5858
5858
4535
2833
2833
2689
2674
1693
1693
1693
1693
1693
187
187
6955
6955
8224
1881
370
8793
8793
3632
3123
5355
5355
5355
8894
8894
1087
6949
6949
6949
2679
5409
9030
9277
9896
7592
7969
7200
7200
827
5700
5700
9717
9717
8725
3345
3345
3345
3345
6814
6814
8276
8276
2142
2142
5129
5129
5751
5751
5751
5751
4498
6379
2199
5839
1725
3878
3878
178
3825
3262
3262
6192
6192
1291
8223
3365
5525
5525
2821
2821
6322
5313
5948
5948
5948
1824
1541
1541
3683
3683
6880
7565
180
6442
5263
7069
7132
1883
1883
4355
4187
6695
5229
5229
3864
3864
3864
6561
2928
2928
2928
6567
3189
5881
4860
2455
9429
9735
20
385
1374
1374
1374
7849
567
5726
5726
1430
3237
3047
5496
6401
252
7461
7493
1031
1031
102
102
102
7530
7530
3241
3241
3241
6222
364
364
4964
8410
4641
4641
6257
6257
2805
5879
5879
1350
7554
7554
1812
8817
615
1039
7147
7147
4313
4313
7756
8865
3064
9649
7011
4040
8759
4468
4468
9994
6522
7170
786
1767
1767
1767
8100
4221
2569
2139
7036
7036
7036
8331
6786
5663
7543
7543
5312
5312
5312
5312
5847
6253
4828
4828
4828
4828
2596
2811
2811
56
2774
2774
2774
2774
2912
3230
3230
3230
7415
7415
7415
2988
9265
4260
4260
1066
302
498
498
641
641
641
641
3089
3089
7633
7633
3183
9845
1656
3916
9760
2208
2208
1262
4162
4162
3495
2718
6006
7406
5093
3105
6489
6489
9749
9749
8213
8213
8213
1397
915
938
1212
1212
1212
1212
1742
1742
2095
2095
8533
676
676
7465
2814
2814
2942
7303
7303
1889
1889
1889
1889
1517
4322
8005
8005
8005
1251
1251
1508
1508
1508
2056
7513
7513
6985
6972
1303
1303
711
711
347
347
8247
9142
4664
5343
7585
7585
7585
3957
3476
6821
5831
7541
7541
4185
6713
6713
6713
7639
2622
2372
8889
8889
679
7899
2354
2354
7768
7768
7768
4021
5962
1938
1938
1938
1938
1938
9402
3494
2844
3079
3079
1211
3597
3597
3597
3401
4075
4075
7930
7930
1722
1722
3871
8350
9583
6321
6321
1044
3117
3117
9446
9242
9242
9541
6524
5827
5827
5011
982
519
3004
8811
8811
8811
4594
2804
1004
3534
6405
6405
6672
9756
9756
6502
6683
3488
2466
2732
2732
4647
257
4217
7764
7764
5242
1782
8094
8094
1908
1908
7360
2320
2320
9272
6282
6282
724
724
1534
1534
1534
9098
6736
6736
8053
8053
9616
2769
2769
8253
8253
2188
9739
3886
3615
5208
5208
5208
5208
8314
1035
2517
2517
206
7185
7185
65
7748
7748
5057
9505
9505
9505
6653
7637
9964
9964
2711
3768
3768
1088
7135
7135
452
452
8771
3239
702
8028
8028
8984
7410
7410
7556
7556
7978
7978
6945
547
547
1728
8824
2263
6900
6900
3935
2940
2940
6220
5877
5877
4440
3865
3865
3865
5150
5150
5150
6396
7777
11
4214
6153
2029
6605
6605
4466
7275
7275
5321
5321
8756
8756
9064
5035
6032
6032
5021
1729
6202
2376
3151
14
2571
4627
4627
9736
2957
3449
9179
9179
1438
7604
8557
5364
5142
8039
2660
380
6971
9006
9006
1979
5427
8518
3527
7640
9507
3706
7655
5259
7247
7945
5597
5597
2730
2730
9884
9884
6044
3581
3581
4401
1366
4261
5764
5764
1222
3742
2884
7596
7596
6384
2050
2050
4788
1131
1131
6347
6347
689
798
9393
5223
143
1748
7054
7054
8425
2179
1348
1348
1348
2221
1417
1417
1417
1417
4408
7848
5613
3785
2261
2261
6682
7124
9040
9040
6155
6155
8392
8392
8392
7154
2841
1776
4810
2340
2461
5855
5855
3863
3863
8414
8414
2284
2284
2284
2284
1962
2878
6783
6783
3582
6388
6388
5584
5584
6826
956
956
2004
5186
4739
1474
4003
5784
8487
7423
7423
7631
7631
4718
4718
1570
1570
1570
8450
4611
4611
436
436
436
3844
3844
3109
3668
3668
3668
3668
2252
664
8088
8707
636
1109
923
923
131
5416
8421
2370
762
7823
7823
7823
8128
8128
8477
8477
3748
3748
391
9626
9626
9626
8604
9083
9083
484
484
484
484
5837
3418
7209
7209
7209
5133
5133
6718
6718
6718
4834
4834
1753
1753
7736
7292
8207
8207
741
266
5563
5563
5836
430
430
430
6659
1449
1449
4623
5867
5867
5867
9192
4800
4875
4875
953
953
2190
4336
1673
8844
8844
1681
1681
319
319
6023
303
2023
2023
6482
7404
8582
5992
443
579
579
797
7499
7499
7499
4471
4471
3988
6354
6354
4644
2537
1258
2512
3150
3150
780
7982
7982
7306
5092
5092
6191
6191
8920
8920
5647
5647
7911
9120
9120
3051
3051
9858
1972
2566
3195
864
864
588
1095
1381
1381
4953
4953
8312
8312
8312
1159
4514
2210
2375
5089
7436
8428
8428
972
972
3074
6649
2110
4057
4057
4057
1237
2735
2735
4552
5157
5157
5830
5830
8281
9746
9746
9746
8045
8045
8045
6380
540
540
540
9778
1651
1651
8827
624
624
5932
5932
6935
6935
9244
9244
800
9471
5169
8112
6355
6787
6787
9770
9770
6905
2011
9057
9057
2959
4206
8319
3409
3007
3040
3040
8588
3216
3216
9926
9926
2564
3610
3610
3860
502
502
737
737
4638
4638
1441
2333
5103
7769
7769
2982
1608
1608
3924
3924
4463
4463
4463
3061
3053
9
4269
9841
9841
4354
6040
9344
5425
4473
9595
6392
6185
4685
2121
9345
3116
3116
9448
9448
8805
270
7993
7993
3404
3404
3404
3404
9642
9642
9642
8643
3676
5689
8484
1604
1604
999
999
999
999
999
3630
3630
4124
4124
4124
4124
8239
1217
5629
5629
5629
5629
4687
7794
4516
4516
3120
3120
6101
2599
9522
3377
6364
6364
6159
6159
1698
1698
135
203
7884
7884
1619
1619
3187
3187
9374
6179
4321
4000
4000
4000
6358
5456
4691
4691
5988
433
433
5562
5562
8257
8257
7918
7918
1451
1451
1703
7369
7369
9658
1770
1770
1770
7381
7381
7381
3348
3348
929
3314
3314
284
3771
3771
3771
4127
9655
5868
6536
4415
2624
3719
1038
8730
8730
7264
7264
1257
1257
2085
7025
514
514
9271
9271
9138
2890
2890
104
104
5492
5492
7294
7294
1454
1454
1454
1454
6301
6301
6301
112
162
2362
2362
4832
2200
8082
9902
9902
9902
7731
7731
3903
7442
7442
7442
7442
1322
1322
8295
7429
8912
7470
7470
6316
7222
4084
4084
4084
4758
3841
394
394
4030
6041
6041
3127
9755
9755
9755
9817
5292
1942
1942
8217
8217
8217
8217
1943
2965
3772
5168
5168
5288
5288
5288
1861
8292
8292
1778
6481
8554
8554
3872
6581
3528
3763
110
110
3725
3725
3137
3137
993
993
7743
7743
7743
17
3589
69
2130
6381
6381
984
984
8243
5309
9348
9857
9857
998
8735
6459
2788
2788
2788
2244
2244
9021
9021
9021
9021
5347
8084
2960
2960
3831
3831
6591
1111
1111
1111
647
647
9848
9848
7697
3769
3769
9412
7754
7754
7754
7754
2138
2009
7570
7570
2047
2047
503
503
2436
2436
7137
7137
7137
1425
4272
4272
3046
8391
6398
6398
5356
6643
6643
5424
5424
2827
8267
7708
7708
3176
2043
6742
6742
3290
5619
195
195
6662
5346
5346
5346
5346
1174
1174
8145
1113
1113
9404
1076
4344
4344
4425
1500
1500
1500
8255
4737
6691
2742
9387
9430
9545
4725
3426
4666
4666
8607
8607
8607
965
965
2702
2702
5685
4938
4938
8457
9228
3282
7379
4400
7894
7894
6412
7858
3917
3917
3917
6549
9091
9091
9091
5053
8656
5068
2492
6273
6273
2685
2685
13
1684
1684
1684
7717
7717
9464
5019
5019
1956
1956
2262
3875
4236
1761
2253
9150
8322
8322
4183
2555
3890
3890
8035
4839
4839
8489
6839
6839
4137
4137
4137
964
964
964
964
2092
2092
2397
1975
6666
199
3576
3576
3576
2740
2740
8585
8792
8792
995
995
8159
8159
7363
2286
5235
5235
4176
4176
9053
9053
7368
7368
946
7497
6417
6417
7774
7774
7500
6805
6805
6805
6805
5485
5485
4673
2
3244
3244
3244
776
776
776
3135
3135
3135
487
1603
1380
7231
7231
5167
7174
7174
905
905
2440
2440
2440
2440
9093
3288
1806
3293
3293
8958
7475
7475
9851
6577
6577
6577
4248
5995
9300
8767
8767
8639
6213
6213
6213
1467
6211
2264
5354
5354
967
967
4360
1804
4985
4985
7343
7343
4720
3870
3870
5973
2387
1506
1506
6469
3027
3027
3027
3027
1768
9270
9270
1807
1807
8091
6485
6485
5065
5065
3052
6833
3321
3321
212
6967
6967
3680
3680
1859
1859
4015
4015
8693
8693
8050
1408
2896
5956
5956
4397
4931
1996
1996
852
6081
4614
4614
4614
2438
9174
3130
2725
2725
4661
6165
8580
8580
4470
307
307
8576
4890
6295
7779
7779
2044
8266
8266
8266
55
8904
5336
5336
6278
6278
8878
6229
185
7091
9116
9116
574
574
574
6698
2246
4006
4006
4253
2311
2311
8390
4642
3320
3320
5509
3650
3650
2431
9390
1209
1209
8375
7457
1418
8126
8126
8126
6824
1676
8897
8897
8384
1642
8636
1664
8270
8270
7771
7771
7771
7771
7771
8344
6291
5537
8131
9451
4046
5073
5073
7875
7875
5857
5857
5857
5857
1148
7492
1901
906
3235
6807
1317
8438
3652
8167
6438
6438
6438
6438
4923
4923
4923
2565
7901
2083
486
5794
5794
5794
1447
1447
243
243
4347
2787
6042
6042
6042
1636
707
1367
1367
5286
5286
477
477
477
3519
2229
9890
865
7805
8837
2584
9008
9008
681
7472
1226
9109
9109
793
8527
8527
6855
8291
1550
8847
8847
2026
2026
5673
5673
8729
8943
8943
9047
4711
4711
4165
4165
8087
1398
1398
1398
1398
8691
3077
6348
6348
2620
2112
2112
2112
3592
5623
5623
8123
2413
6550
4082
4082
4082
4082
6462
6462
6462
2433
7325
8526
1833
549
847
3540
1986
4951
3573
2795
2795
3530
6517
6517
6829
1914
7909
7909
9577
9577
9577
4633
4633
6741
4863
6555
6555
383
876
876
876
1020
2074
2074
7305
6794
7589
1545
1950
5824
5824
7512
9190
9190
6856
197
6893
6893
7341
7341
7341
8347
6055
5671
5671
5216
9880
9880
9880
6989
6134
1163
1163
4353
1214
8601
8601
8601
8601
924
4154
4154
9347
9347
2559
2559
7072
7072
7963
7963
646
8632
5302
6527
8058
5628
7261
7261
6204
7749
7749
601
601
6362
337
337
337
337
6876
2820
885
885
2791
2791
5001
2162
2162
2162
9371
1759
1759
1759
1759
1759
1759
1759
5051
3389
3058
3058
3058
9340
9340
4411
3942
3942
3942
271
2764
8866
8866
670
4548
4042
2385
2385
3561
3561
2862
2865
1070
1070
4435
4362
2305
2274
2274
5568
5163
2669
184
3076
3076
5101
5101
9761
7237
7438
4044
7783
7783
6479
4575
1116
6266
6266
6266
6266
7874
597
597
3086
3385
3385
1410
9481
5446
5446
7532
7532
1736
8799
8799
1393
6572
6712
602
9922
9922
9922
2416
2416
8388
8388
9641
9641
9641
7998
7998
1643
4848
1105
9721
1931
1931
1931
7251
7251
8134
8134
9565
1108
2113
3271
5571
5571
2585
2585
4922
1617
1337
1337
1337
4385
7326
7326
8615
3158
3158
3603
3603
518
3204
3204
3204
6922
4622
4504
4491
7695
7695
7695
5335
2539
2539
8599
8599
5024
5024
2962
2962
5982
1629
1014
1014
5898
8724
2560
2540
7372
7372
7102
7102
5358
8083
6939
6939
8932
8934
5211
9582
5238
5238
5044
5044
7999
7999
7999
812
812
8875
1515
8405
2353
2353
8427
8427
5293
5293
1898
2411
2411
9818
1375
1375
675
675
214
214
1960
3036
8066
8066
2453
2966
957
9927
2528
6043
2150
2150
3667
3667
6236
6704
8345
8345
5561
2087
2087
6125
6125
1773
1773
1773
2313
5758
5758
2258
6760
6760
2581
2581
3057
3057
8353
5717
8836
8836
8836
3765
7125
5184
522
522
522
522
5757
5757
5757
2017
2953
2953
2593
7405
7405
9068
5896
5896
5055
9482
9482
123
3289
3289
1707
5736
7569
2096
8803
1618
1618
7202
7202
7214
7214
6419
6419
8424
1063
251
3992
3992
6035
8304
5028
7453
8843
5205
8366
2797
3499
3499
6926
6926
6926
5775
1958
818
7937
8857
115
3911
3911
3918
3918
9960
9960
5442
5442
5442
5442
6651
6651
8662
6701
9476
9476
6687
4364
4364
8948
9826
9826
803
7414
3551
3551
1244
5060
2270
2270
2598
7103
7103
8838
2300
2300
9337
9337
6665
4868
3618
4410
4410
2345
4090
6757
6757
6757
755
9033
9033
3164
3164
3170
9254
5090
1426
9099
427
368
1658
2748
9894
9894
37
4220
4220
7062
1724
1732
1732
1732
2882
4378
4378
8906
3728
3312
3312
9995
9995
2708
7611
8341
8341
5041
5041
853
1310
4629
4114
5573
5573
5573
2494
7417
213
213
6312
6312
3305
8833
8833
1064
1064
1482
1482
1158
1123
5052
3272
7943
5128
1998
5958
5958
8471
8471
4434
3425
3425
2874
2874
5815
5815
1024
2633
5170
5170
8369
5746
688
425
9255
4326
6063
2355
2355
52
6980
9602
18
18
9948
817
2259
2259
1390
1390
1314
3361
1094
1094
1094
4393
5701
5701
5701
5701
8794
9722
9722
8589
2380
1818
1818
4542
9304
9304
8283
8283
1446
7682
7682
7682
2561
2561
1153
1153
9685
274
8173
8173
6690
4396
3447
3447
4912
4912
4912
7399
5010
5010
5931
5931
3511
3511
4637
6768
5033
893
4654
777
777
777
7279
4249
4249
4249
7218
7218
259
2871
2470
7583
9639
2614
2614
7862
7862
7862
7862
4416
8290
5817
9086
9086
9086
9086
9086
9165
1666
2288
537
327
4345
1208
1208
3412
3412
6677
6399
6761
6761
7893
1486
1486
3113
4867
4867
483
9339
5954
1780
1780
2482
4110
3803
8979
8979
9335
8282
8282
3663
3663
3663
4343
4343
4460
4460
4460
6154
5003
314
4532
4952
4952
7462
8815
9416
9416
9416
3319
697
1170
1170
7098
8418
8418
8418
8418
4887
8049
3661
3661
807
7835
6430
8802
765
4245
4245
1917
3995
8308
971
8892
8892
8892
8892
9949
161
4553
381
317
4164
7833
7833
8924
1468
3437
3437
2487
2487
2910
4388
4388
7839
7839
649
649
2556
2077
2077
7256
4825
4825
4509
6816
6816
6816
6816
7359
8610
8610
7116
7473
7473
8986
8986
5718
7605
4997
5725
3063
3962
3962
552
552
6298
5099
5099
3225
3225
3225
2681
2681
4986
7439
7439
9101
4105
6766
6766
2969
8468
4146
3895
3895
3915
3915
9669
9669
4753
4789
748
748
1091
1091
4497
4497
2114
4820
7898
1335
1268
9963
5735
9367
5156
4781
8677
8677
2917
2917
2448
7595
7595
8439
8439
8740
6541
2666
6633
6633
6633
7141
2574
1358
4237
4237
9662
9662
1404
2405
5257
6823
2126
4681
4681
4681
245
2663
2663
5122
5122
8612
8612
147
5959
3192
107
7101
8737
8737
9070
9070
9070
2219
2125
2125
42
3716
7389
2363
2363
6050
5900
5900
6078
6078
2888
2888
2888
2888
3177
4803
87
87
4833
6290
1769
2699
6460
2590
2590
5767
2993
2993
2993
4367
7662
7662
6142
6142
8335
8335
8692
5190
738
1993
9528
9528
9528
4706
1274
7939
8591
8591
8591
1685
6410
6410
8015
7270
7270
6540
9063
3859
4193
5550
5550
5147
5947
4352
3091
3091
2247
2247
2247
3243
4578
1306
1439
1439
6511
4818
4818
5682
4232
3471
3471
2522
1010
8278
5494
8209
6888
9291
9291
5934
8567
8567
9005
7219
148
249
3976
3432
3473
648
5828
474
474
536
6734
6734
9911
9962
9962
9962
2430
2430
9723
1154
8206
8206
9571
9571
9571
9571
3998
4004
9001
1155
1155
1884
1884
9167
8448
8448
1199
1199
3745
3745
9797
4157
4157
3715
3715
3715
557
4635
2086
2394
2394
2394
781
545
6999
8479
8065
9687
9687
9687
8258
8258
565
565
2822
5787
1606
7371
7529
4227
8852
9619
9799
9799
9799
25
1906
1906
1906
3487
3487
8563
8563
6663
6663
9893
6080
6080
6357
6357
5750
5750
5750
4823
7421
7421
9155
9155
9155
9617
5924
9084
9084
9084
9084
9084
4640
2575
2519
2519
8720
625
625
6375
6206
6206
6206
9633
9633
7449
7449
6710
6745
2897
2948
2948
7687
7687
7687
7687
7620
7620
1633
4436
4436
7961
3812
3203
989
5733
9364
9364
2163
6671
4143
4143
497
4688
4797
9488
9488
9488
1528
3142
3142
5521
5521
6951
513
513
4585
4585
4585
4585
6596
8528
8528
6923
4524
4524
4524
3110
3110
3834
3834
3834
2235
5872
8440
8440
6170
6170
6170
8660
8660
1853
2248
1660
1821
1821
4184
8280
8280
8280
8280
8952
8952
1909
4910
4910
5659
8629
5432
53
5036
5036
3823
3823
6882
7117
7117
3015
6370
6727
5218
5218
5218
8517
5648
4361
3685
3685
8916
8916
5804
5804
5804
6406
3599
3599
5921
5921
5038
5038
2737
2737
997
2831
1469
349
8188
6108
6108
6108
5461
372
372
6970
6970
6970
5037
5002
3302
3302
3420
7119
955
940
940
1172
2465
2465
3232
1590
1492
1492
5565
5565
2429
2429
2726
3474
2055
9292
9292
1213
687
687
2518
3121
1224
1224
7041
333
3792
3352
3352
9636
328
9146
5082
3129
1844
1844
1844
1844
5177
7494
3303
3874
3874
7199
218
2934
2934
2934
7280
4230
4230
1701
447
447
447
8097
3560
7271
7271
7271
2968
2968
2968
2968
3824
3824
8716
8716
1632
1632
899
899
7659
3567
3567
4238
4081
1276
5997
6819
6819
2676
3613
2534
9166
8442
1868
1092
2956
2956
6315
6934
2146
2146
5646
5646
1811
6224
9543
9543
7742
7742
6686
6686
4485
9260
9260
1294
9713
9713
9713
7827
7827
7105
791
234
234
7915
6175
835
835
224
224
5897
5465
5465
7352
7352
4906
4906
4906
778
778
778
778
9261
9261
977
3637
1011
6619
6619
6619
6619
1794
8868
8868
8868
8868
8868
7317
7317
7869
7923
7923
2307
2307
2307
9965
9965
2697
662
4748
4748
5370
6300
5131
5131
8647
7661
7361
7361
9980
7035
7035
8006
181
6356
9328
9328
9328
9328
7549
7201
7201
8903
8903
8903
8903
8903
8903
8969
8969
8969
8969
7841
9323
9361
8048
9035
5869
1284
1284
8640
8640
1054
2377
2377
2377
6796
3194
3042
3042
3042
3042
2031
3334
1518
2790
5349
3580
3580
3580
3580
5018
5018
2135
5487
5487
8326
7916
7916
9558
9558
5178
457
3654
4301
4301
2721
2721
2721
6898
6898
6898
5160
5160
3167
5710
6113
4571
4571
4571
9368
7934
9780
9780
2316
975
1810
1810
5505
5505
2175
2175
5574
6547
6547
2153
8175
4375
6785
6557
6557
6180
3454
6443
1371
1371
5816
2389
2389
2389
2389
1668
2201
2201
6340
6340
5301
9874
4750
4750
7539
3756
4329
4329
7075
7075
2071
2071
2071
9442
3550
7046
8710
5925
5925
2918
2918
2918
2918
9833
9833
5866
6861
1338
4893
3037
3037
1645
1645
7958
7958
9923
320
8149
2714
6114
3649
9515
3631
3631
7211
4639
5523
5523
5523
1248
1248
1052
1052
6292
6292
1353
9709
712
712
4510
5079
5079
296
296
7772
775
739
9840
9840
9840
784
6531
715
5508
2157
2157
2157
3852
3734
3734
3751
3751
3535
3535
3535
3535
9256
9256
9256
5201
8709
3848
5585
5585
6112
6112
7281
2535
2535
3979
3979
3979
3136
2177
8960
8136
8136
1229
1229
5843
5843
609
609
3838
3838
6954
6954
936
8355
8355
4840
4840
1969
8708
3339
2766
6162
6162
6162
6162
6111
6618
6618
8539
7924
7924
186
4621
4621
2315
532
1415
1415
1415
4925
4925
7184
5056
5056
5968
5968
771
771
1957
4122
353
353
6635
7110
1816
2419
2419
6656
4608
4070
7187
7187
4268
4268
5495
5495
5495
7176
8032
7886
1252
1252
1252
4160
4160
489
4391
3452
3579
1412
1412
9652
9652
9652
2520
9771
9771
1612
1612
1627
9789
2551
2551
4464
9324
9324
9324
5478
8968
8968
8968
9784
9784
4869
4481
4481
4481
4842
4842
4842
1140
1140
3350
9491
3145
3145
3145
3145
3354
3354
6216
3684
3684
3684
9825
4207
4207
2418
2418
8702
2886
2886
939
939
3623
6986
269
3096
4866
4727
5116
5116
5116
2723
1744
1744
9634
9634
9634
5191
4472
4472
7028
7642
7642
7642
7642
2003
2003
6448
6448
6455
6455
6051
8101
9765
9765
6617
6617
1165
8598
1789
6658
6658
6658
8081
8081
8666
2404
2218
2218
2218
1841
1763
1763
4130
2321
6062
6062
4862
4862
5618
6210
7887
7887
7887
7887
5661
5661
863
863
863
7572
4845
1970
5884
4590
9011
9011
9011
5993
5993
3705
3705
7929
7929
7929
7929
3666
3666
833
833
833
5431
5431
5431
5431
1575
7677
5939
4239
8964
8964
2507
9937
7753
4714
6740
9654
9209
9209
4928
4928
4928
3537
9366
6927
6927
4854
9312
9301
9301
6195
2078
2078
4225
4225
7067
7067
2754
2754
2754
1321
1321
9357
555
555
8476
8263
1691
5362
9326
4235
1933
1933
1933
806
6374
6193
6590
6590
7946
3629
6013
3362
2198
6110
7016
471
471
1738
1738
7663
1864
1864
6505
6602
2662
4911
2992
5533
3469
3469
512
1266
1266
2776
2776
9119
7668
220
5268
5268
5268
5268
2818
2818
2557
1497
7345
7345
5458
3434
7503
7503
6147
6147
958
958
952
952
5174
9531
7831
8241
176
8368
7814
5380
5380
5380
2516
2516
1903
1784
1784
3356
3356
9415
9415
9415
7863
3854
3854
9503
9503
1452
1452
1452
1355
1355
3283
3283
1556
1556
3092
6758
6240
6240
6240
6240
6240
1422
8451
9075
9075
4059
6402
1002
1002
5803
8103
4808
4808
9269
9269
9269
2058
1345
1345
6714
6714
9378
9378
9378
4765
4540
4540
740
740
9766
1419
1419
6047
9584
9584
9908
1253
7856
7856
8363
133
8146
8146
8146
6428
4091
4091
4091
4091
3971
4029
8204
8204
7143
7143
7143
9804
9804
7366
8872
8872
529
8661
7617
5802
5802
8491
5873
5873
9275
9499
9499
9499
9499
8915
9107
829
6675
1750
6692
6424
907
5536
5536
6084
2304
2304
2304
1427
1427
5772
5772
7450
7450
6645
667
8226
3331
5075
5075
8881
7289
9240
9240
58
58
5247
9504
9504
5166
7576
6627
6627
3636
3636
6491
4113
9279
7941
7941
7239
7239
7239
4566
655
2226
2226
2226
2226
6976
4338
4338
6842
4978
8153
3836
8022
8022
2212
2212
7434
7434
455
5454
4519
2881
1480
1480
1900
1900
3565
40
7991
4889
4889
4889
3256
3256
5595
5595
6016
4428
4428
2122
8713
1620
9433
9433
8791
8791
8791
3696
3696
3696
3696
9918
9918
9918
3598
1537
1927
1927
5378
5378
3405
7246
7246
7246
5540
5540
3754
6009
198
198
4776
7765
7765
8361
8361
5967
5967
5967
584
8913
1740
1178
1178
7370
209
207
1592
1012
6753
6753
6753
9365
3981
3981
3981
3933
590
7420
5081
4209
4209
9552
9552
5813
9700
5706
7094
4625
5284
5447
2164
4173
8893
8893
4254
4254
4254
3188
3188
8330
8330
4218
9338
9338
6844
4372
4372
4372
5220
5220
5220
6261
6261
3392
2169
4719
682
139
139
139
8664
8839
8839
5338
6128
6128
6128
1819
2257
2257
2257
2759
9067
9067
3323
3081
3081
3081
666
666
666
5946
5946
1288
3660
7272
7272
3882
1954
6421
6421
6693
4076
9180
5366
5366
5366
5686
6722
6722
6722
4779
4779
8983
4755
4755
4929
4929
4929
4929
7070
7070
7070
5387
1341
78
78
7665
7665
299
299
4002
4002
4002
3034
1723
1723
7178
9034
6366
2983
5030
3664
3778
3778
8307
9673
504
5953
4477
4477
388
6791
603
6920
6920
6377
3797
2947
9087
9087
1588
1588
105
105
105
2659
4426
6957
7711
991
991
991
1389
6131
6131
5062
1130
1130
4674
4674
663
663
9882
1709
3448
3448
9085
7367
1055
1055
1647
544
2382
2382
6850
6850
6850
7302
1535
1535
1535
6182
1799
1799
1799
1721
9557
9557
7336
21
564
6848
6848
6911
8115
8115
8115
8115
9877
9296
4339
4613
4613
4613
4613
8583
8583
6024
6024
3332
3332
7951
1060
1060
1060
5728
5728
5728
3384
3384
2183
6622
4587
7238
4505
287
4807
6467
6467
9299
3498
6307
6307
9151
9705
9705
6817
722
722
6661
4689
7994
3892
3892
3892
3892
6241
6343
1586
8680
7527
8300
8300
5546
9794
9794
1988
7938
5708
9457
9457
9783
9783
9783
9783
2330
3054
8918
8918
8918
5239
5239
5771
5771
9423
9423
9423
8095
4109
4109
4109
2222
2222
7636
7636
6612
4508
9610
9572
9572
200
200
200
591
591
591
635
635
1104
6344
7904
7904
6834
6834
6834
7709
7709
4648
9403
5668
2421
9004
4607
5737
2133
4111
4111
1221
1221
1221
2444
8124
1387
1387
1387
506
5282
9530
4022
4974
4974
4974
4974
1440
1440
9250
9250
2506
2506
9919
3669
3669
5805
5204
5204
5204
6512
2667
2667
2667
2911
6209
6982
2746
2746
9213
7845
7845
3131
3131
3131
4094
2359
2359
1074
3327
3327
3327
7206
9727
546
7430
8007
4670
4670
4670
6226
6226
8329
8329
2314
2314
2214
2687
3281
5134
3210
3210
4389
475
285
285
285
1589
1589
985
5443
5443
2406
2653
6477
6477
7714
3750
3190
3526
3103
3103
4805
4805
4805
4805
7504
7504
404
5181
5181
7488
7488
7488
23
5372
4914
4914
4914
3470
6411
3811
627
627
1057
1057
1057
7537
4756
4241
4241
2739
6732
6732
8668
4652
4652
5498
2812
1925
1925
1925
1925
1925
7158
7158
5727
5727
5990
5990
5990
7001
7001
7001
7920
5327
575
673
7444
9644
4074
4074
4280
4280
8722
8722
5938
5938
5892
35
35
8383
8383
5998
9405
9405
9405
3336
3336
3336
3336
4190
1271
1271
7644
7644
7644
7644
6021
6021
5657
5657
4340
4340
6230
5464
5464
3261
3261
7160
1385
1385
4281
2619
8987
6129
3509
3509
3509
9742
6140
3790
3790
5374
3071
3071
3071
1312
7234
5638
4300
3946
3946
6700
492
2547
4048
9931
7538
7984
1005
7700
7700
7700
1495
9435
9435
9435
2578
3133
8568
2597
9976
7076
7076
7076
7076
4855
4855
5952
5952
618
7752
6001
359
9071
3207
3207
527
5625
9290
9290
9697
8813
8813
4790
9136
272
272
2374
2374
4039
4039
6117
7638
8801
8801
1813
1813
9043
9043
4291
2464
1279
1279
1279
1279
1279
1124
9895
4445
4445
9128
9128
4170
4170
9750
5635
5635
5635
4881
3351
3351
3351
3351
1533
1533
9548
9548
9548
9548
949
949
949
6929
6929
6334
6334
7485
9929
208
8882
8882
291
9249
7666
7666
8380
8380
8380
8380
2783
2783
2783
2783
2688
9306
4457
4457
2454
458
8930
9089
9089
94
4346
4752
3157
3157
3274
692
5009
5009
5009
5009
5009
5702
619
619
6553
6553
5241
1003
5026
5670
5670
9944
2170
2170
2237
4577
794
794
5264
1082
1082
1082
1082
6391
6391
6391
6391
8704
8704
9601
9601
2847
2847
2847
8434
8434
651
3038
3038
1027
830
830
830
5114
5114
9569
9569
6625
232
8719
8648
5677
6008
3596
1249
1249
1249
1249
4383
1207
2207
2207
8186
3478
788
678
101
8161
6079
51
51
6272
7822
8513
8513
9521
9521
5594
9686
983
983
983
7597
6762
539
539
4174
4174
4174
5739
8011
1016
6699
6699
6699
3796
3796
8921
7501
164
164
1144
7881
2635
4323
4323
2587
5320
5320
2861
7056
339
339
5907
7968
7968
7968
7968
7968
7088
3078
3078
3078
9627
6171
7896
8732
872
7630
3672
8721
2925
4592
4592
4373
4373
6528
749
749
1610
7588
5913
5415
5415
2913
1359
9692
9692
9020
9020
9020
7080
7080
7080
1169
1169
1169
6725
7482
1741
1331
6490
3949
3949
3949
7376
7376
7376
7836
7836
7836
5462
5462
5462
6576
1354
1611
88
3759
1151
3994
2296
2296
4892
2327
8374
8374
4486
7824
7824
7824
7824
8974
1614
4490
7146
7146
9037
9037
933
1135
9489
9489
9489
3837
3837
7424
9121
6892
4558
3466
3466
8845
8845
1182
3733
3733
3733
981
5139
8235
8235
8235
6260
6724
3601
3601
3601
9332
9332
9332
6157
3407
3407
6841
6841
3809
2323
6518
263
7684
7684
7684
3888
8674
8674
86
5084
5084
3376
3376
8586
8586
4250
9399
7286
7286
4484
4484
1553
1553
6614
6614
6614
5923
3318
3318
9025
9025
9025
3155
3877
3877
2602
3722
1259
5650
3600
4716
5428
6217
2108
2108
9950
2527
9140
9140
9140
6052
9289
2172
9114
9114
9114
3344
1822
8809
804
7985
2156
2156
1785
9015
5063
1462
2181
9554
9726
4467
7113
6124
6124
1340
1340
1340
5311
7321
7321
9295
1143
169
169
5193
2002
2002
6285
8883
3987
3987
3364
8018
8018
1695
1695
1546
1546
9341
9341
9341
3415
4769
4769
5357
2371
5598
7299
7299
7299
7299
7299
7888
9012
448
448
8688
8688
8688
9380
6090
3814
3814
2203
2203
5148
5148
4487
4487
4186
1351
1351
4972
4972
4915
6130
3358
6329
4257
8171
8171
6918
273
4511
5069
1786
1786
8534
8534
3062
3062
3993
4975
9741
9741
6407
1356
1356
2603
9730
8825
8825
6564
8686
6977
6977
6960
4216
8313
8313
9381
9381
9400
9400
5440
3758
3758
9100
9100
9100
9977
6413
8696
8862
8862
8862
2124
5067
130
130
8170
7602
4791
7463
6535
6535
6535
5782
2033
2906
4429
3381
4574
9432
9432
4520
4520
7301
7301
7301
9689
3717
9343
4932
4932
7179
1156
790
4684
2572
2476
2067
2067
6728
3132
9953
2129
2129
5823
5823
4977
1442
1442
1442
3954
1215
1215
6225
7981
7981
4060
5005
5005
2654
194
8336
8336
9286
2057
2057
2057
2057
7095
7095
5095
5095
5095
2119
6872
1985
1985
8762
6563
3182
3182
3182
157
157
3675
3675
4148
2061
2061
7660
3493
3493
3982
3982
9437
9437
10
2297
5600
706
706
8645
8645
8645
7866
7866
1832
1832
6048
6048
6048
6137
6137
7905
8396
1641
1641
4896
396
7027
196
5781
3098
2824
918
918
918
918
8700
2140
2140
3760
3760
3328
7153
4195
4195
4551
8765
8765
8301
8301
8301
5022
1256
1256
1118
2020
2020
4441
1232
4967
4967
1572
4223
5755
8339
8339
8339
2837
1342
8890
8890
5776
4582
3311
7489
7489
7181
7181
4330
6777
7396
576
5217
8250
8250
8250
4882
4882
1845
1845
1845
464
558
4442
9325
2082
2082
2082
1941
8788
8788
9517
4151
4151
4888
4888
4760
4760
4760
6943
1775
1912
264
1757
1757
1757
1757
1757
4359
9743
585
9383
5262
6950
6950
6950
5703
6107
8624
6956
6773
8631
4815
5363
6000
6000
3006
2447
4605
8221
6265
9698
9698
9698
8317
1939
623
623
2901
6878
6878
4494
7365
5811
440
440
6135
6135
8570
9452
1475
1475
7625
7625
7625
7625
2478
2478
2478
2478
5697
418
418
6258
2932
2932
3333
3333
3333
6349
2949
2949
6947
3041
7734
7734
4995
2100
2100
2100
3604
8939
8939
8939
1078
8985
8985
9391
4836
4836
4836
6825
6825
1798
4539
4539
1
5808
7828
9460
9881
2111
1872
6274
6274
4859
561
561
8328
7
7629
7629
7629
962
8874
6963
6963
5100
8549
7759
1719
2851
1406
2098
2098
2098
2098
4212
9510
9510
9217
9413
9413
5763
8742
8742
2335
6919
4063
4063
4063
4063
3879
3154
3154
856
8259
8259
1269
7809
7809
3503
2099
2099
7952
5377
5377
6263
229
932
7183
6513
1022
3201
3201
3201
3659
5937
5937
5937
8617
9156
5844
5844
1405
1405
1405
1405
7590
7590
9096
9553
1530
1530
1530
8565
656
7278
3073
4055
4055
4055
4055
8144
8516
5467
5467
8723
8723
2485
2485
2485
8566
8566
8566
2070
9982
9982
2967
4686
4686
4686
4686
4686
2484
2484
612
612
612
612
612
7322
2939
787
787
4107
4107
8908
8908
8908
8908
9469
9469
9469
5991
2545
2545
346
346
346
8229
6571
6571
1428
9143
9318
9318
3324
7166
7166
7166
1166
1166
6679
4958
5402
643
643
8436
8436
2523
3270
3270
3270
6731
9659
9659
4079
4079
8886
8886
8886
244
7957
9580
6187
5880
5880
6037
6776
5875
9022
3830
5660
5660
5660
5660
5518
9587
5449
5449
5449
4102
1233
1233
7610
267
267
6092
6092
2273
9458
9458
5382
5382
7834
5213
5213
5213
2984
2984
5580
5580
5580
5580
3781
6439
6439
1772
1772
8804
3003
3003
7287
7287
7287
7648
8628
8628
354
4969
3269
969
140
9134
9134
9171
9171
9666
2036
2036
2036
2036
2036
6879
6879
9445
9445
1448
4529
9314
9314
2279
201
9997
9997
6034
6034
9112
7792
677
340
9212
9212
526
526
9640
9207
1079
4841
2642
2117
2117
2388
8975
8991
7645
7134
7134
4370
4370
4179
3490
7114
4946
4946
237
6583
121
3422
3422
3422
3422
3422
3422
7254
7254
8194
6186
8999
834
4829
4829
4829
4536
6784
6813
4017
4017
5405
5405
5405
5405
5260
6150
6150
6150
400
6326
1689
7517
7517
1893
1893
5274
5274
9578
9578
9235
9235
351
8832
8832
7566
1343
1343
421
421
421
421
375
375
6053
6053
883
4047
8741
7096
4412
1285
1285
4500
8076
7333
8877
8877
4427
4427
4427
7746
9276
8249
8249
5786
5786
7971
4568
7168
9775
9775
9775
9775
6735
6735
1686
4858
6589
5890
5890
7395
7395
9942
9942
9942
183
5592
5592
5592
4159
8025
8025
9782
1940
8163
8137
6432
6432
551
5789
4817
4817
4817
4662
9786
4331
6373
6373
8461
8408
5234
5234
4482
4482
4482
3607
1460
2424
7548
1503
1503
5773
377
7720
7720
6886
6886
6886
8750
5179
5179
5738
5738
9871
9871
2627
2826
2826
2826
3928
2468
2468
9283
3213
3213
3213
9310
9310
9310
3891
3891
8055
4086
1378
1030
1030
1520
1520
2864
2864
2864
9955
9955
1605
1605
7680
7680
2266
2266
2266
580
3986
6809
630
8655
5964
5964
5964
1067
4722
8156
1168
3945
3655
3655
3655
9591
9591
819
819
819
819
5410
5410
5410
873
9656
6889
1991
8360
8360
8360
8069
8069
5716
5716
8511
4730
6144
6144
3280
3280
6738
9534
714
714
7243
7029
309
309
4771
4771
6739
6739
8466
8466
8466
2407
2407
7505
7505
2801
2801
2801
5655
5655
5655
334
334
5323
5323
1888
7515
7515
6838
801
6648
4118
4118
4118
4118
1840
1458
1458
4537
4537
7632
7632
645
645
8472
5361
5361
5361
2427
2427
9450
9384
2493
2493
2493
5955
5955
1923
8553
39
39
5469
4045
4045
9550
8462
4787
4787
4787
4787
8402
2954
2873
1981
6755
6755
7156
7156
1114
1114
8181
8181
8181
8181
1516
1951
839
839
4351
9258
4096
5909
5909
5909
5909
9322
1511
9693
9693
9693
9693
3746
8079
8079
5185
8387
8387
8387
8387
6457
5885
5885
7123
4064
4064
4064
3375
3375
2977
4628
4897
9193
3372
3372
3609
8321
8321
3677
3264
3656
1200
1200
3275
3275
2839
2839
2839
4409
4766
4766
1241
7328
7328
7328
8822
8822
8155
8155
19
7052
517
517
517
9996
9996
8220
6269
6269
6269
7882
2625
2625
6788
8653
6588
6588
6588
6588
7383
7383
6752
6752
6752
5158
5158
1625
1625
8638
8638
805
805
805
6565
9222
9222
9222
6247
6247
7818
7818
5593
4902
7327
2332
2332
5792
5792
2052
3386
8244
9334
9334
1464
9484
9484
1536
326
7926
2090
2090
6390
6390
4026
6109
453
4694
9915
9915
9915
9915
9712
1300
1300
5695
5695
1421
1421
1421
7877
7445
7445
7445
7445
7799
831
7024
7024
5391
5391
290
8876
6573
6573
6178
5137
8860
8860
61
3628
3628
606
9615
1852
24
7122
5558
5558
5507
9904
9904
9904
3395
1347
1347
2690
2690
9395
9803
9803
9803
9294
9294
6386
6386
4089
5630
5630
859
1493
3359
8743
8743
8743
4308
4308
7276
6394
6369
6369
6369
6369
8642
8609
8609
6587
4304
4304
4304
8019
120
4028
974
974
8293
3306
3306
3013
3013
3931
3931
7544
6325
6325
1878
9767
9767
3627
8711
8711
7691
7691
7385
9485
9485
1282
6595
2191
2191
2785
8297
8297
4
4596
4596
8961
149
1735
6072
6072
7520
7520
9349
1330
3842
3842
3842
8988
4099
4099
2176
2176
2176
2176
2176
4885
4885
7608
3393
3393
3393
3393
8054
3690
3690
3690
9699
1188
1188
1188
7205
6891
6891
9188
9188
3185
3185
9077
9077
9702
7646
7646
914
914
7965
7965
3913
1311
5165
7703
8343
8343
8343
4358
4358
2731
2731
2731
4043
8544
8426
1073
111
111
8685
8685
6867
7914
2761
2761
4097
4097
4097
7392
7574
7574
7574
1638
5622
5622
6885
9468
6640
6640
7017
7017
8853
8853
2395
810
810
8106
8106
5975
4492
4492
6089
6089
6089
7986
7986
1758
1758
4701
3522
8342
2348
2348
8370
9470
9470
1332
1332
3228
3228
318
5094
2927
2927
650
9090
8552
8552
8324
4305
8728
4555
5675
1512
1512
5806
5140
5140
5140
5140
5140
2588
9701
2128
2128
2128
2128
7362
9745
9745
7186
1771
1771
1771
8651
8651
8651
1953
345
345
345
1964
7077
3643
3643
2997
6668
4315
4315
4315
5222
505
505
8464
8464
8810
6909
1779
1607
1607
6271
3467
3467
3467
3467
1971
9991
9991
9266
4898
8829
8829
5188
8365
3450
6302
9346
4289
1202
1202
1202
4182
4182
4182
1127
1127
6219
2008
1443
6828
3489
3794
3794
1119
6582
71
8208
9651
4656
4768
4768
4768
4768
4768
1613
1613
3651
9925
2734
691
691
4061
8371
8371
8371
5102
5102
6802
2638
9028
9028
1837
1837
1334
1334
1334
1334
1334
2013
7142
4598
4598
7220
8488
8488
8488
7854
7854
5607
8238
2505
2505
1929
6998
5112
5112
1830
1830
417
8099
8099
4677
4677
2059
2059
2059
2059
4066
4066
4066
4066
3905
5795
5795
4564
3920
3920
6156
9113
9113
9113
2920
7810
7784
9891
8219
8712
469
469
6771
2974
2974
2974
2425
9204
7171
1678
2639
1549
6215
6215
6215
4244
279
279
279
89
89
4876
4194
5692
5692
7676
7579
7579
4546
2750
2750
8463
8463
8463
8463
5383
9243
9243
8129
8129
7384
3587
6382
6066
6066
6066
6066
808
808
808
808
2741
2728
6981
6981
6981
7155
7155
5270
9805
7386
1037
1037
6756
6756
2852
2852
2434
9754
9754
9754
240
8509
7112
1890
1705
3591
9945
2324
2324
2753
2753
2753
2753
2815
2875
2875
2875
9147
3894
1679
5940
8764
7263
875
1301
1301
9664
6167
5318
9873
9873
9873
3172
3391
2808
1904
1904
9010
9898
7690
7690
7690
7690
8736
211
211
944
4258
4258
9564
9564
2796
2038
144
7821
7821
2093
2093
5912
8854
8854
8854
2951
4033
4399
4399
4740
3588
4366
9897
9897
9897
9897
8962
8962
7073
7073
7073
7073
1649
1649
1649
2909
2909
2909
2909
2909
4954
5874
4717
3944
3002
6759
6759
1983
1983
6769
2242
9058
9176
9176
5970
5970
4276
8569
6709
4341
9514
6510
7481
3095
3168
3168
3168
3168
7974
9036
9036
538
538
5930
7587
6400
6400
6910
6910
6910
6932
1717
1717
8051
9764
2613
6497
9520
476
3783
9183
7215
7215
41
41
467
467
5025
734
7622
6746
7144
976
3349
3349
3326
4131
4131
4131
980
980
980
6592
6592
3762
3762
6500
338
5215
1542
7397
2703
9544
9544
4139
6681
6681
6681
5656
6804
6703
6703
2950
3619
2024
1181
1181
3009
1465
9638
3989
3989
3989
7598
6098
6529
1112
1112
7621
7007
9234
9234
8564
8564
8564
9542
7562
5570
5570
5570
6606
6606
6667
376
8205
2985
3304
3304
5566
5566
4085
98
3397
5819
5819
9715
4743
136
3152
2998
9728
9728
8867
8867
8867
4098
230
4503
5209
5209
9319
8499
8499
9594
1000
1000
8348
8536
8536
73
3884
2536
4792
1887
3193
9428
9428
7724
7847
412
8148
1788
1788
4849
456
456
9573
9573
2866
2866
7244
7244
4145
1891
4380
4380
4380
3088
3088
3088
7192
3862
3887
7337
7337
7337
8521
8821
8821
874
3784
6896
6896
6896
4266
2030
4320
4320
4941
9606
9609
6514
1690
1690
1690
8697
4624
2521
2521
2834
3793
3793
6747
6747
6747
6747
8669
8669
8669
3390
2005
3518
1191
1191
9605
4998
4998
3873
5283
6196
6196
6196
9459
6025
6025
2716
2716
5273
9815
9815
9815
8671
1099
1099
1099
2576
2576
9506
6530
1848
1848
9748
5130
4626
9625
9625
4285
7782
7782
7782
7782
2720
2720
1013
2835
2835
3276
7127
7127
9853
3556
3556
6914
6914
2393
2393
6623
7615
7613
5225
2649
4155
1395
1395
9302
9302
7377
7377
5615
3337
6139
3973
3973
3973
3973
7216
5064
5064
4990
4990
4990
4655
910
1498
1498
5910
6445
4298
4298
1857
1857
2301
1961
1800
1654
4663
4663
1733
1733
1733
6600
6600
8929
8929
2892
3178
6508
7314
2010
2010
4121
4121
4432
6995
6995
6995
1265
1265
1265
7257
1752
1752
9738
4120
4120
420
8152
8152
7781
7781
7781
7781
1272
1272
1272
1272
2582
2582
2582
2582
1499
1499
1499
1875
1089
1089
1089
509
1886
1886
1886
1886
1886
5046
5046
5046
5046
5046
5046
3018
3018
2628
2628
2628
8714
9164
1036
1036
9419
7906
9978
9978
8584
8584
6782
6782
2238
3773
1323
8751
8751
470
1399
1399
501
501
9901
6286
6621
6621
6127
6127
6127
6127
8178
3897
9462
9462
9462
1502
1502
93
93
2035
1849
1849
1849
8272
8272
4838
4838
4838
4838
4838
5724
7950
7950
7950
7950
8033
9352
978
1086
1176
1176
5422
1994
1994
2456
2028
7018
7018
5489
228
228
228
228
228
4700
9253
9253
9253
9253
528
1085
7559
6454
2887
4191
4191
5915
9663
7713
7713
7713
7296
1582
1582
1582
1582
1582
4443
6420
7723
3964
154
154
9809
6464
6418
5441
9539
9843
7787
752
1162
1047
9267
3546
9320
951
2991
7474
7995
7995
6751
8506
5502
5502
4850
642
8701
8701
7169
2935
2935
2491
8284
8284
6719
8800
8800
8800
8581
141
5290
5290
5290
9939
5152
5152
7022
4846
4846
4846
9392
9392
8497
8497
1663
1663
3885
3885
3428
5895
5895
9847
6908
6908
3455
1485
5439
5439
1472
1472
768
3307
3307
613
613
613
613
8496
8496
1160
6853
2672
2672
2672
2672
2672
217
217
217
4016
4016
4016
3025
5848
5848
5848
5436
4973
4861
5768
5768
7599
7599
3951
215
2127
6327
6327
6327
9676
901
2414
2080
1402
1402
3648
3648
3648
7745
954
3729
2477
9790
9216
2933
9684
5329
4453
4453
9321
9321
2668
254
4667
3208
3208
3208
2789
2789
2789
3090
1186
1186
5654
5654
2546
7480
3226
5883
9182
8119
5125
5125
5125
5125
2231
2231
8982
690
690
5501
5501
3475
1009
2001
2001
3242
155
8166
7997
5769
5769
5769
879
879
6403
6403
8748
7940
7940
2872
2872
7382
8473
8473
1896
598
2813
2165
1437
9060
8275
8900
8900
1863
7976
3112
3112
3112
8346
6486
6486
3568
4870
3881
6519
5032
8923
8923
8923
7560
4945
4264
1026
8667
8667
2292
2292
3525
1847
1847
731
2530
2530
2530
8057
3028
7761
7090
7090
4515
6245
3788
3788
8956
8956
8956
4317
9246
4544
4544
4544
1990
9218
7727
7727
3
3
7868
7868
1205
1205
9041
6866
6866
4240
8135
8135
3134
3134
3134
3134
3134
5902
5902
5914
5914
9777
9777
4050
4050
4050
1296
5176
5176
9875
1379
851
851
8458
8286
1325
3513
3513
6311
8529
8529
8529
2713
2713
2713
3257
3257
3257
466
6378
2752
2752
4864
5350
5350
937
937
7053
7053
8785
1899
72
3547
5468
5468
225
225
225
2683
9878
9878
553
948
948
948
6556
5450
1050
3938
2843
855
6822
6822
1669
1501
3996
3996
6077
6077
5532
5532
2236
2236
7208
7208
7664
7416
7416
7375
8177
8177
996
1373
6733
6733
3217
3217
5111
5111
7335
7335
6894
1755
8435
8382
2357
2357
1236
1236
4051
4051
8031
8031
5253
5253
7235
6827
9259
9259
160
5303
5303
5303
7447
7447
7447
3883
3883
5510
3122
6305
3900
7163
7163
7163
7163
3300
4279
4072
4072
1555
4643
7685
1386
1386
7255
9411
9411
348
348
7790
7790
3761
2184
3179
6543
6959
6959
4742
7329
7329
1579
1579
9016
608
608
15
15
1688
3689
1473
5674
5674
1185
5626
5626
5721
5796
8935
8778
8778
1524
1161
9961
9961
9961
1250
6194
7258
7258
7258
1532
3780
2365
2365
6906
6906
6906
4599
9426
2501
2501
4286
5373
4751
4968
9708
435
9056
8989
1423
6014
7679
7740
3620
6208
6208
6208
644
2149
7716
382
3972
1370
1370
4926
4007
5549
7870
6811
6811
7065
7065
7065
5451
8679
783
783
973
1711
1711
6806
6806
6806
5233
8271
7767
5983
7031
7031
9596
5105
2499
2499
8012
789
3753
4384
4384
4680
171
171
747
3876
3876
8187
6488
9181
1346
5908
5908
5908
2193
4603
7789
7789
7987
1388
8914
8914
8914
1978
1978
1978
344
7268
402
5078
5078
3983
1829
1635
1944
7948
7948
7948
8998
3278
2329
7730
8118
5278
5278
6646
5949
7563
6214
6214
9762
8288
8288
6228
6720
815
704
704
704
9388
5307
7718
8763
8763
8763
5333
3059
2053
2053
9987
9987
902
7151
9831
9831
7486
7486
8786
9095
7108
7108
31
31
2525
2770
2770
4172
607
3770
3770
7885
3160
3160
3160
4595
4595
7867
8905
7612
7612
9533
9533
2180
2180
6414
3277
8262
2809
2809
1315
9984
9984
9984
5807
1505
7523
2885
3906
3906
6122
6122
8089
9131
9131
336
336
301
301
6143
3849
4729
2980
6604
6604
8441
8495
9474
9474
7407
7407
9232
9232
9232
9232
9232
3704
3704
5586
4116
4116
9282
9282
7925
7925
3143
9529
3139
3139
67
8198
7260
7260
7260
7260
2729
2729
7895
7895
6281
6281
4454
2361
8064
4144
4144
7236
8967
1061
1061
7195
7195
7715
7715
2241
6851
6851
6851
1751
1751
1751
8849
8849
1287
1287
1287
6351
6351
6351
6351
6351
6351
5453
6104
6104
6978
473
8605
8605
7811
7411
7401
7401
9048
2420
5071
5071
5071
5004
5004
3360
966
966
2747
2747
9744
9744
3322
8397
8397
9990
7128
7128
4955
6931
4533
4533
491
3011
3011
6320
6320
6320
4541
4541
5252
5252
1640
8036
8036
8036
4783
4783
4783
5300
1246
1246
6948
8494
7688
1646
5603
1187
1376
4228
4228
5524
9178
2586
2586
1117
1117
1117
1117
3159
3075
4316
2999
2999
8745
193
193
193
193
7755
9869
9869
9869
5435
5435
6579
1665
1665
1665
8423
3335
3335
3335
8981
4395
5582
4398
4398
4152
6275
9297
2154
2154
2154
2154
8888
8888
4115
8978
5198
8545
8545
1749
699
8684
2856
9336
8780
8040
8040
8040
8040
6096
4101
7878
6011
3014
1392
1392
2294
2294
6471
511
3904
3904
5950
342
6634
6634
6903
8386
2337
2337
7498
7498
9194
6987
6987
6628
6628
45
764
764
764
9622
1260
276
276
7318
5420
3694
3694
9972
9972
142
5864
3721
1937
9813
4125
4125
4125
7815
4201
7177
7177
8884
378
5141
8798
2712
4692
4692
4448
1407
9394
7353
7353
1190
1190
5511
5511
5511
6314
6314
3263
3263
9013
9013
9013
4814
4814
8475
5943
1093
1093
8105
278
278
7593
891
891
582
5544
5544
5681
5681
4983
2392
2392
8966
1484
1484
7193
7193
7433
5340
7295
7295
7295
5887
6552
6552
1835
9162
9382
8023
8023
8023
2632
2632
4483
7432
7853
5127
6317
6317
3329
3329
6499
6499
8976
2462
2462
7686
2426
3662
4296
4296
4296
7012
7012
4733
2352
2352
2905
2905
6953
1879
2611
2611
2611
2611
4461
1327
1327
300
2168
8459
2973
7227
7227
6168
5272
5352
5352
5352
5352
7048
7048
3394
3173
8469
8469
2339
9247
9247
9247
4357
4357
8197
8197
4891
4891
7316
7316
5250
5250
9508
6288
3508
3508
3508
3699
871
871
2643
3022
3022
3022
4349
4349
9309
2863
5649
5649
632
8623
8623
8623
9431
9049
2964
2964
3355
5519
5886
7043
7043
7531
3929
5539
5539
5539
9268
695
8024
9516
9516
9516
9516
5400
2767
4156
4156
3594
3594
3594
2832
2832
6515
5192
5192
5192
2488
7288
9928
931
2457
2457
2606
2606
2780
2780
2780
3299
3299
2399
7049
2883
2883
2883
2609
3396
3396
813
813
5658
5658
5658
5658
6270
6270
9358
9358
9358
9358
1874
1874
1874
9132
5780
7009
7009
7009
7009
5760
1339
1339
1339
6121
6944
6944
5936
5936
4865
1129
9117
9117
9117
4826
6345
6345
8951
8951
5080
8062
8062
6997
8676
1826
8318
2931
8695
8695
7344
898
1081
8351
137
9952
9952
8880
6837
9362
9362
9362
28
3907
3907
5612
1121
3858
3858
719
719
719
5556
2467
7635
7635
5426
5742
5742
5742
3726
3726
3726
6331
5679
5679
3423
3423
7524
7419
6715
6715
1955
6435
6435
3442
5481
8364
8364
103
7522
7522
84
7902
7425
7425
7175
6473
4731
5517
7190
2277
2277
490
2655
1708
8525
8525
9149
6120
6120
6120
960
4312
311
311
9331
2706
2706
9549
3709
9906
9906
1967
3296
1150
182
5548
9607
866
866
684
684
8320
3413
3413
9148
9148
1489
1489
1489
802
8352
8352
7533
7533
2015
7426
9938
9938
8116
2645
2645
9856
9856
9856
1369
1369
7212
8784
8784
8212
6670
7374
6928
6928
2848
2848
4356
4356
146
811
811
767
767
4616
4616
4616
4616
5604
5604
2692
9763
9763
9570
9570
3444
507
507
8649
4181
6800
1133
6313
6313
3218
8644
5564
5564
1470
701
3584
3584
7291
7291
4981
3524
5637
2782
2782
5942
2107
9993
9993
9993
9993
3693
1183
1183
1240
2351
2351
8514
8514
8773
5407
5407
8157
5317
8766
3515
1149
5210
8260
4138
4138
9798
4880
4880
2629
9630
9630
9630
881
2786
2786
292
292
9768
9768
9768
7705
3222
7063
7063
3295
1476
1476
7634
7634
7634
7634
4376
4376
4376
4376
4376
5853
5417
9124
4371
4371
29
29
5774
1103
5429
5429
9589
7357
5118
2916
4104
5369
6158
1333
1333
1333
772
772
8812
8812
846
846
8228
8228
8228
8483
3427
3427
3427
7000
7229
7229
7229
8234
9837
9837
1216
1216
393
2941
884
9223
6799
6395
6395
1471
1225
9106
9106
9793
3857
8931
4310
122
8635
8635
8635
8635
8635
716
64
64
7553
2196
925
925
7284
7086
5146
5146
5146
4917
4917
4917
325
4018
297
8203
8203
746
6542
6294
6294
1552
1552
1552
6441
6308
6308
8775
2544
6474
6474
9184
7040
661
5059
5059
1987
3833
6868
6868
6408
4933
4933
9907
3572
3572
3572
2842
2842
6865
6865
6865
6059
735
3921
2926
2926
6873
6873
9027
9027
8758
8758
5206
5206
5206
5547
2064
2064
2064
2860
3206
9773
7865
7865
5636
3215
6764
6764
6632
4709
4709
4709
1677
1677
4707
8782
2309
3453
4822
4822
1210
1210
8409
3965
2308
2308
2308
5091
3818
6097
5285
5285
2299
1146
5401
9779
9779
1659
8955
4557
4883
482
482
3961
7747
7747
7747
2312
9486
5981
7412
4991
4991
3050
1924
5276
493
493
2381
2381
4140
4140
622
9575
9575
4203
7487
7487
1227
4242
6133
6133
9740
9740
9168
9168
6779
6779
6779
6779
6765
890
890
890
890
2220
3268
3268
3268
2978
7019
8008
1504
3430
6365
1974
1974
8954
8954
4294
4294
9863
2819
2819
1254
1870
2283
5106
5106
3267
3366
3366
9163
9163
9163
3724
7136
7136
2592
1945
1774
1774
1774
8394
5542
5542
5980
2144
2144
8994
8994
4804
4804
74
9774
9774
9774
2034
8602
8602
8602
8195
2858
2858
6067
6067
3402
2921
2921
8075
8075
478
3343
9350
8512
8512
8512
8562
8562
8562
188
188
2041
2041
4884
4884
4884
7008
7008
6902
9678
9678
1152
6279
3030
4337
4337
4337
7626
2106
6697
8698
8698
6916
3456
6575
1905
1905
5460
5460
5854
5854
1218
8248
8858
8858
4851
4851
4851
3082
2137
1056
1056
4844
2189
2189
2189
3708
7060
629
629
2830
2830
422
2204
9855
5189
5189
8362
8362
9144
9144
9144
9513
2701
2701
7776
9479
7571
7571
9497
9497
1192
1192
5985
2704
9023
9023
9210
7801
7801
7696
9502
3279
9159
7346
8102
5845
238
5812
5812
6338
6338
3502
2147
7643
1138
1138
2197
2197
179
2503
2503
4049
4049
4049
5232
8548
6840
6840
909
3553
6548
2045
5752
6603
640
3026
3026
7293
6244
6244
4150
2577
2577
7099
7099
8430
3611
3611
8579
8579
659
659
7912
2060
6293
47
47
4149
7223
7223
3820
3820
6494
6494
634
634
6033
6033
9623
9623
8783
9974
9974
6456
6227
7373
7373
8323
8618
8215
2084
7290
9157
9447
1716
4871
1344
5610
5332
4456
4456
4456
4456
6007
6007
7115
227
1436
6594
9201
8376
2990
4774
4774
4450
5572
4715
1820
5151
5151
60
1414
2410
2410
2410
979
3985
3985
7058
7058
1324
4377
306
4785
6289
419
419
9836
9836
6689
6689
6689
2475
2943
8478
9810
9810
6203
6203
4475
4501
177
8992
4088
4088
7005
7005
8014
8014
6990
6990
5281
1136
2269
2269
75
75
75
9135
416
8535
