1
1
2
3
5
5
6
6
7
8
8
10
13
13
15
16
16
17
17
17
19
19
19
20
24
26
27
27
27
29
30
32
33
35
36
39
40
42
42
42
44
44
45
45
45
46
46
46
47
47
49
50
51
52
54
54
54
55
55
56
57
57
59
59
61
64
64
64
65
66
66
68
68
69
69
70
71
71
72
74
74
76
77
78
81
81
83
84
84
85
86
86
87
87
87
87
87
90
91
92
93
94
94
95
95
95
96
97
97
98
99
101
102
102
102
107
108
110
112
114
116
116
117
118
119
120
120
120
123
124
125
125
126
127
127
127
128
130
131
131
132
133
134
134
134
135
137
138
138
140
140
140
141
142
144
149
150
151
151
152
152
153
154
155
156
157
159
159
160
161
161
162
162
163
163
163
164
164
164
165
165
166
166
166
167
168
169
170
170
170
171
173
174
174
175
176
176
176
176
177
178
181
182
182
183
183
183
186
190
190
190
191
192
193
195
195
196
197
197
198
199
201
202
202
202
203
203
206
206
206
207
208
208
208
209
209
209
212
212
213
215
215
216
216
216
216
218
218
219
219
221
225
227
227
227
230
231
233
234
235
235
236
236
239
239
241
243
245
246
246
247
247
250
250
250
254
254
254
255
255
255
258
259
259
259
259
259
260
262
263
263
265
265
265
266
266
267
268
269
271
272
273
273
274
274
275
275
275
275
276
277
278
279
280
281
282
282
282
283
283
285
286
287
288
290
293
294
294
295
296
296
296
299
301
302
306
307
308
308
309
309
310
310
312
312
312
312
312
315
316
318
319
320
321
321
322
325
325
327
328
329
330
330
332
332
332
333
337
338
338
338
340
342
343
343
346
349
350
350
352
355
356
361
362
362
362
363
365
365
366
367
368
371
371
372
376
377
377
379
381
383
383
384
387
388
390
390
390
390
391
391
393
394
395
397
397
398
400
401
402
403
403
406
407
408
408
410
412
412
413
415
416
418
419
422
424
425
425
427
429
429
429
429
430
430
430
431
431
433
435
435
437
439
439
441
441
442
444
445
445
446
449
449
450
450
450
451
451
451
451
453
454
455
456
459
460
460
462
463
464
465
467
468
470
474
474
475
475
476
476
478
478
478
483
483
484
487
487
488
489
489
492
494
494
496
496
497
498
499
502
503
505
506
506
506
508
508
508
509
512
514
514
516
517
519
519
520
521
521
522
522
522
523
524
526
527
528
531
531
531
532
533
533
535
537
544
545
545
545
547
547
551
552
552
555
555
556
559
559
559
563
564
564
566
566
566
567
567
567
568
570
570
571
572
573
575
578
579
579
579
582
584
585
585
585
586
587
588
588
588
589
590
591
591
591
591
591
591
593
593
594
594
594
595
596
599
601
601
602
602
604
604
605
605
606
607
607
607
609
609
609
611
611
613
615
615
616
618
620
621
621
622
623
623
624
624
625
627
627
628
628
628
629
629
631
632
632
632
633
633
634
635
636
637
638
640
640
643
643
647
651
651
652
654
654
654
656
656
657
657
658
659
659
660
661
661
663
664
665
665
668
668
668
669
670
671
673
674
675
678
678
680
682
685
688
689
690
691
692
692
693
694
694
695
695
696
696
697
700
703
703
703
704
704
705
706
708
709
711
712
712
713
713
714
714
715
715
718
720
724
724
726
726
726
728
729
730
730
731
731
731
732
732
733
735
735
738
739
740
740
741
741
742
742
743
744
744
745
746
746
748
748
748
749
751
752
752
753
753
755
756
757
759
759
760
762
764
765
766
767
767
767
768
769
769
771
771
771
772
772
773
774
774
774
775
776
777
779
780
780
784
785
787
787
788
788
789
789
791
791
792
793
794
796
797
797
797
801
802
805
805
806
807
808
809
811
812
812
813
815
815
816
818
819
819
819
820
821
821
824
826
826
826
827
828
830
833
833
833
834
835
836
837
837
837
837
840
843
843
843
844
844
844
846
847
848
849
849
854
854
857
857
857
859
860
862
862
864
864
865
865
867
869
870
870
873
873
874
874
875
876
876
877
878
879
882
882
882
883
884
884
885
886
886
889
891
891
892
893
895
897
898
898
901
902
903
904
908
908
908
909
910
910
912
913
914
914
915
915
916
917
917
918
918
920
921
924
925
927
929
929
931
931
931
931
933
933
933
933
934
934
934
935
935
935
937
937
937
940
940
941
942
945
945
947
948
949
949
949
950
950
951
951
956
956
958
959
960
961
961
961
962
964
965
966
969
970
971
971
972
974
974
974
975
975
975
981
982
983
984
984
985
986
988
988
991
992
993
995
997
999
999
1001
1002
1002
1003
1005
1006
1006
1007
1007
1008
1010
1010
1011
1012
1013
1015
1015
1017
1018
1018
1022
1023
1024
1024
1024
1024
1026
1026
1028
1028
1029
1030
1030
1032
1032
1032
1033
1033
1034
1035
1036
1037
1037
1038
1038
1038
1041
1041
1043
1043
1043
1047
1048
1048
1049
1049
1049
1050
1051
1051
1053
1053
1054
1055
1055
1055
1056
1057
1058
1058
1061
1061
1061
1061
1061
1062
1062
1064
1064
1065
1065
1066
1067
1068
1068
1070
1070
1072
1072
1073
1073
1074
1076
1077
1083
1083
1084
1085
1086
1086
1088
1089
1090
1092
1093
1094
1094
1095
1097
1100
1101
1102
1102
1104
1104
1106
1106
1106
1107
1111
1111
1111
1113
1115
1115
1117
1117
1119
1120
1122
1122
1123
1125
1126
1127
1129
1129
1129
1130
1130
1130
1130
1131
1131
1132
1133
1134
1135
1135
1135
1135
1135
1137
1137
1142
1144
1145
1148
1148
1148
1149
1150
1151
1151
1151
1151
1153
1155
1156
1156
1157
1158
1159
1160
1161
1161
1162
1163
1163
1164
1165
1165
1165
1166
1166
1167
1170
1171
1173
1173
1174
1174
1175
1177
1178
1179
1179
1180
1180
1180
1183
1184
1185
1187
1188
1188
1189
1189
1189
1190
1193
1193
1194
1197
1200
1201
1201
1201
1202
1202
1203
1204
1204
1205
1206
1210
1211
1212
1212
1213
1214
1214
1217
1218
1219
1219
1219
1221
1221
1222
1223
1226
1226
1227
1227
1228
1228
1229
1230
1230
1231
1231
1232
1233
1233
1235
1235
1237
1238
1238
1238
1239
1240
1241
1241
1242
1242
1243
1244
1245
1246
1246
1246
1246
1246
1248
1250
1252
1252
1254
1255
1258
1258
1259
1260
1262
1263
1264
1264
1265
1266
1267
1268
1269
1269
1270
1271
1271
1272
1273
1274
1275
1277
1277
1278
1279
1280
1280
1280
1280
1281
1284
1284
1285
1286
1287
1287
1289
1290
1290
1291
1294
1296
1296
1299
1300
1301
1302
1302
1302
1306
1306
1309
1309
1310
1312
1312
1315
1316
1316
1318
1319
1323
1323
1325
1326
1326
1327
1327
1331
1331
1332
1332
1333
1336
1336
1338
1340
1341
1341
1342
1343
1343
1343
1345
1346
1346
1348
1351
1351
1351
1351
1351
1353
1354
1354
1355
1355
1357
1357
1359
1360
1360
1360
1361
1361
1362
1363
1363
1363
1364
1364
1366
1367
1370
1370
1371
1372
1373
1374
1375
1375
1375
1376
1378
1379
1379
1381
1381
1382
1383
1383
1384
1384
1385
1386
1387
1388
1388
1388
1389
1393
1393
1394
1397
1397
1398
1398
1401
1403
1404
1405
1407
1407
1410
1411
1412
1412
1413
1415
1416
1418
1418
1419
1419
1421
1423
1424
1425
1428
1429
1430
1431
1431
1432
1433
1434
1436
1436
1438
1438
1438
1439
1441
1441
1441
1441
1442
1442
1442
1442
1444
1444
1445
1445
1448
1450
1451
1455
1457
1457
1457
1459
1459
1459
1461
1462
1462
1463
1463
1464
1465
1465
1466
1466
1468
1469
1470
1471
1471
1472
1472
1473
1474
1475
1476
1476
1476
1477
1477
1477
1479
1479
1481
1481
1484
1485
1486
1486
1486
1489
1490
1490
1490
1492
1493
1494
1494
1496
1500
1500
1501
1501
1502
1503
1503
1503
1504
1505
1505
1505
1509
1511
1511
1512
1513
1513
1514
1518
1520
1520
1521
1523
1523
1524
1524
1525
1525
1526
1526
1527
1528
1528
1529
1530
1532
1532
1534
1536
1537
1538
1541
1541
1543
1544
1545
1545
1547
1547
1550
1552
1555
1556
1557
1559
1560
1560
1560
1561
1563
1564
1565
1567
1570
1571
1571
1574
1574
1575
1575
1575
1575
1575
1576
1577
1577
1577
1581
1582
1583
1583
1585
1586
1587
1588
1589
1590
1590
1591
1592
1593
1593
1594
1597
1597
1600
1601
1602
1602
1603
1604
1605
1605
1606
1608
1608
1609
1609
1611
1614
1614
1615
1615
1616
1616
1616
1617
1617
1619
1620
1620
1620
1621
1624
1624
1625
1625
1626
1628
1629
1630
1631
1634
1634
1634
1636
1637
1640
1640
1644
1645
1646
1647
1648
1648
1649
1650
1651
1652
1652
1653
1654
1657
1658
1658
1658
1660
1660
1661
1662
1663
1664
1665
1665
1667
1667
1668
1668
1668
1670
1670
1670
1671
1672
1674
1678
1679
1680
1680
1680
1682
1682
1682
1682
1684
1684
1684
1685
1685
1688
1689
1690
1691
1693
1693
1693
1695
1697
1697
1698
1698
1699
1702
1702
1703
1704
1705
1705
1707
1707
1709
1709
1709
1711
1712
1713
1713
1714
1715
1715
1716
1717
1718
1718
1721
1721
1721
1723
1725
1725
1726
1727
1728
1728
1731
1732
1734
1734
1736
1736
1737
1739
1742
1742
1743
1744
1744
1744
1745
1745
1745
1745
1746
1747
1750
1752
1752
1756
1756
1760
1761
1761
1761
1761
1762
1764
1765
1765
1767
1772
1779
1779
1780
1780
1784
1784
1784
1785
1786
1787
1788
1789
1791
1793
1793
1794
1794
1794
1795
1796
1797
1797
1798
1798
1799
1800
1806
1806
1806
1808
1808
1808
1813
1813
1814
1815
1816
1816
1817
1818
1818
1820
1820
1821
1821
1822
1825
1827
1827
1828
1828
1829
1830
1830
1832
1833
1834
1835
1835
1835
1837
1840
1842
1843
1843
1843
1843
1844
1845
1845
1847
1849
1851
1851
1851
1853
1854
1854
1857
1857
1857
1858
1858
1859
1860
1861
1861
1863
1864
1865
1865
1866
1866
1866
1866
1867
1869
1869
1871
1872
1872
1873
1873
1873
1877
1877
1878
1879
1880
1881
1881
1882
1882
1883
1883
1884
1884
1884
1885
1885
1886
1886
1887
1887
1888
1889
1890
1890
1890
1891
1892
1893
1895
1896
1896
1898
1900
1900
1901
1902
1902
1902
1904
1910
1911
1911
1911
1913
1914
1914
1914
1914
1916
1916
1917
1918
1918
1920
1922
1922
1922
1925
1925
1925
1926
1926
1926
1926
1927
1927
1928
1929
1930
1931
1932
1933
1935
1936
1936
1937
1937
1937
1939
1939
1941
1941
1941
1941
1942
1942
1943
1944
1945
1947
1948
1949
1953
1953
1955
1955
1957
1957
1960
1962
1963
1964
1964
1967
1969
1970
1971
1972
1974
1975
1975
1980
1981
1982
1984
1984
1985
1988
1990
1991
1991
1992
1992
1993
1994
1994
1994
1994
1995
1995
1996
1996
1998
1999
1999
2000
2000
2000
2004
2004
2007
2007
2009
2009
2010
2011
2012
2014
2016
2018
2018
2019
2020
2020
2022
2024
2026
2029
2032
2032
2032
2034
2036
2036
2038
2038
2041
2043
2043
2045
2048
2051
2051
2053
2055
2055
2056
2057
2058
2059
2060
2060
2061
2062
2064
2064
2065
2067
2070
2070
2071
2071
2073
2074
2074
2074
2075
2076
2077
2078
2081
2082
2082
2084
2087
2087
2088
2089
2089
2096
2097
2097
2099
2102
2102
2102
2103
2104
2105
2106
2106
2107
2109
2109
2110
2111
2111
2112
2112
2114
2114
2117
2119
2124
2124
2124
2126
2128
2129
2131
2132
2133
2134
2134
2134
2135
2136
2136
2136
2139
2139
2139
2140
2141
2141
2141
2141
2141
2143
2143
2143
2144
2145
2145
2146
2149
2151
2152
2153
2153
2154
2155
2156
2156
2157
2158
2159
2159
2160
2162
2162
2162
2163
2163
2164
2164
2165
2165
2165
2166
2166
2168
2168
2168
2169
2169
2169
2169
2170
2171
2171
2172
2172
2173
2173
2173
2174
2174
2179
2180
2181
2183
2183
2183
2183
2185
2186
2186
2187
2188
2188
2189
2189
2189
2190
2191
2192
2193
2193
2194
2194
2194
2196
2197
2199
2199
2201
2202
2202
2203
2204
2204
2204
2205
2206
2206
2207
2209
2210
2211
2213
2214
2215
2215
2216
2217
2218
2218
2218
2220
2223
2224
2224
2225
2225
2229
2230
2231
2231
2233
2234
2236
2237
2239
2239
2240
2240
2240
2241
2241
2241
2241
2241
2242
2243
2244
2245
2245
2245
2246
2247
2247
2249
2252
2252
2254
2258
2258
2258
2262
2262
2263
2264
2264
2268
2269
2269
2270
2270
2272
2273
2273
2273
2273
2274
2275
2276
2276
2278
2279
2283
2284
2285
2285
2288
2289
2290
2291
2291
2291
2293
2293
2293
2294
2294
2295
2296
2297
2301
2302
2303
2303
2304
2305
2307
2307
2307
2308
2308
2309
2310
2310
2311
2312
2313
2313
2313
2314
2315
2315
2316
2317
2317
2317
2319
2320
2320
2321
2322
2322
2323
2324
2325
2325
2325
2325
2328
2329
2329
2330
2330
2331
2333
2334
2335
2335
2336
2337
2339
2339
2339
2339
2342
2344
2345
2345
2346
2347
2347
2347
2349
2350
2351
2352
2353
2353
2355
2356
2356
2357
2359
2360
2360
2361
2361
2361
2362
2363
2364
2364
2364
2365
2365
2367
2369
2369
2370
2372
2373
2374
2374
2374
2375
2375
2378
2378
2379
2380
2384
2385
2385
2387
2388
2388
2388
2389
2391
2393
2394
2394
2394
2394
2395
2396
2397
2397
2398
2401
2401
2402
2403
2405
2405
2407
2408
2409
2410
2411
2411
2411
2411
2414
2414
2415
2416
2419
2419
2420
2421
2423
2423
2424
2425
2426
2426
2426
2427
2432
2434
2435
2436
2436
2437
2437
2438
2438
2438
2440
2442
2442
2442
2442
2444
2445
2447
2447
2448
2450
2450
2451
2451
2453
2454
2454
2456
2456
2456
2456
2457
2458
2459
2461
2462
2462
2462
2463
2464
2465
2466
2468
2471
2472
2473
2473
2473
2473
2474
2474
2475
2476
2476
2478
2479
2480
2481
2483
2484
2487
2489
2490
2493
2497
2497
2497
2497
2498
2499
2500
2501
2502
2503
2503
2504
2505
2505
2505
2506
2506
2506
2506
2507
2508
2509
2509
2510
2511
2513
2514
2515
2516
2517
2522
2523
2523
2523
2523
2525
2525
2526
2527
2527
2527
2529
2530
2530
2532
2532
2532
2534
2535
2536
2537
2539
2540
2541
2541
2541
2542
2543
2544
2546
2546
2546
2547
2549
2549
2552
2553
2553
2556
2556
2558
2561
2561
2563
2566
2574
2576
2577
2577
2579
2579
2581
2582
2582
2584
2585
2587
2590
2590
2590
2590
2591
2591
2593
2594
2594
2595
2595
2595
2596
2596
2597
2599
2601
2602
2604
2605
2607
2608
2609
2609
2610
2611
2611
2612
2614
2615
2618
2619
2620
2620
2620
2621
2621
2622
2626
2626
2627
2629
2632
2632
2633
2633
2634
2635
2638
2638
2638
2639
2639
2639
2645
2647
2647
2648
2648
2649
2649
2650
2650
2650
2651
2651
2654
2654
2655
2659
2659
2659
2660
2660
2662
2662
2662
2664
2665
2665
2665
2665
2666
2667
2669
2669
2669
2673
2674
2675
2676
2679
2679
2679
2681
2681
2683
2684
2684
2685
2686
2686
2686
2686
2687
2688
2688
2691
2691
2692
2692
2692
2695
2696
2698
2700
2701
2701
2702
2705
2708
2708
2709
2709
2709
2712
2713
2714
2715
2715
2716
2717
2718
2724
2725
2726
2726
2727
2727
2731
2731
2731
2731
2733
2735
2737
2738
2738
2739
2742
2742
2742
2744
2744
2744
2746
2746
2747
2749
2749
2750
2751
2752
2752
2753
2754
2754
2754
2755
2755
2755
2756
2757
2757
2760
2762
2763
2764
2765
2767
2767
2768
2769
2770
2770
2770
2771
2773
2774
2775
2777
2777
2777
2777
2779
2779
2781
2782
2782
2783
2783
2783
2784
2784
2784
2785
2787
2788
2788
2789
2789
2790
2790
2790
2790
2791
2792
2794
2796
2797
2799
2799
2801
2801
2807
2809
2809
2810
2811
2812
2814
2815
2816
2818
2818
2818
2820
2823
2824
2824
2825
2825
2826
2827
2827
2828
2830
2830
2832
2832
2832
2834
2835
2835
2835
2836
2840
2842
2842
2842
2842
2845
2848
2849
2850
2850
2853
2853
2856
2857
2857
2857
2857
2859
2859
2860
2860
2861
2863
2865
2865
2867
2868
2869
2870
2871
2875
2875
2875
2880
2883
2883
2885
2886
2886
2887
2889
2889
2890
2893
2894
2894
2895
2896
2898
2900
2900
2900
2901
2901
2902
2904
2912
2913
2915
2916
2916
2916
2917
2919
2919
2921
2921
2922
2923
2924
2927
2929
2929
2930
2931
2931
2932
2932
2933
2933
2933
2935
2935
2935
2936
2937
2937
2938
2939
2942
2946
2946
2952
2952
2953
2953
2955
2956
2958
2958
2959
2961
2963
2963
2963
2964
2964
2965
2968
2968
2970
2972
2972
2973
2973
2974
2975
2975
2976
2976
2976
2977
2977
2978
2979
2980
2983
2983
2984
2988
2989
2992
2993
2993
2993
2993
2996
2996
2996
2997
2997
2997
2998
3000
3000
3000
3001
3002
3002
3005
3008
3008
3008
3009
3009
3010
3010
3011
3011
3012
3013
3013
3015
3016
3016
3019
3020
3020
3022
3022
3022
3022
3024
3024
3030
3031
3033
3033
3033
3033
3037
3037
3038
3040
3040
3044
3044
3045
3046
3046
3046
3047
3047
3048
3049
3050
3050
3051
3052
3053
3053
3054
3055
3055
3055
3057
3059
3060
3061
3061
3063
3063
3063
3063
3065
3065
3066
3068
3068
3069
3071
3072
3072
3073
3074
3074
3074
3076
3077
3077
3078
3080
3082
3082
3083
3084
3085
3085
3086
3087
3088
3090
3092
3093
3093
3094
3095
3097
3097
3097
3099
3100
3103
3103
3105
3108
3109
3109
3109
3109
3110
3111
3111
3111
3112
3113
3113
3113
3115
3115
3116
3116
3116
3117
3118
3118
3119
3120
3120
3120
3121
3122
3123
3123
3123
3123
3124
3126
3126
3127
3127
3128
3131
3132
3132
3134
3136
3136
3140
3142
3143
3146
3148
3148
3149
3149
3153
3154
3155
3155
3157
3159
3159
3159
3162
3162
3164
3165
3168
3170
3174
3174
3174
3178
3178
3180
3180
3180
3182
3185
3186
3187
3188
3189
3190
3191
3195
3195
3195
3196
3197
3197
3199
3200
3201
3202
3202
3202
3203
3203
3205
3205
3206
3206
3208
3209
3209
3209
3210
3210
3210
3211
3211
3211
3211
3212
3213
3214
3216
3216
3216
3217
3217
3218
3219
3219
3220
3221
3223
3226
3226
3228
3228
3228
3230
3230
3231
3231
3232
3234
3234
3235
3235
3236
3237
3238
3239
3241
3244
3247
3248
3248
3248
3249
3249
3250
3251
3251
3252
3252
3252
3253
3254
3254
3255
3255
3255
3256
3256
3259
3259
3260
3263
3265
3265
3266
3267
3270
3271
3273
3273
3273
3274
3276
3276
3276
3278
3280
3280
3281
3285
3288
3291
3291
3292
3293
3294
3295
3297
3298
3298
3299
3299
3300
3300
3300
3301
3303
3308
3309
3309
3310
3311
3314
3314
3315
3315
3316
3320
3322
3323
3324
3325
3326
3327
3328
3328
3330
3330
3331
3331
3331
3331
3332
3332
3332
3333
3334
3335
3336
3342
3342
3345
3346
3346
3347
3349
3349
3350
3350
3350
3352
3353
3353
3354
3356
3357
3357
3358
3358
3364
3366
3369
3370
3371
3372
3375
3376
3376
3376
3378
3378
3379
3380
3380
3381
3382
3382
3383
3383
3384
3386
3386
3387
3389
3390
3390
3391
3392
3393
3393
3394
3395
3396
3397
3397
3400
3401
3402
3403
3404
3405
3407
3408
3412
3415
3416
3418
3418
3421
3427
3428
3428
3428
3430
3430
3432
3432
3433
3435
3438
3438
3438
3439
3440
3441
3442
3442
3442
3445
3447
3449
3450
3451
3453
3454
3455
3457
3458
3462
3462
3464
3465
3467
3467
3471
3471
3474
3476
3476
3477
3478
3479
3480
3481
3483
3484
3486
3488
3489
3490
3492
3492
3496
3496
3497
3498
3498
3501
3501
3503
3504
3505
3507
3509
3509
3510
3510
3510
3511
3511
3512
3514
3517
3518
3519
3519
3520
3522
3522
3524
3524
3525
3526
3528
3528
3530
3531
3531
3532
3534
3535
3535
3536
3538
3539
3541
3541
3541
3542
3542
3542
3545
3545
3546
3546
3547
3548
3548
3549
3550
3551
3551
3552
3554
3554
3554
3555
3555
3555
3555
3555
3556
3559
3559
3559
3560
3560
3560
3561
3561
3562
3562
3564
3565
3565
3565
3568
3569
3569
3570
3570
3571
3571
3572
3572
3572
3573
3573
3574
3575
3575
3575
3575
3576
3576
3576
3577
3577
3578
3578
3578
3579
3581
3581
3581
3584
3584
3584
3586
3586
3588
3588
3592
3593
3595
3597
3597
3599
3599
3602
3602
3602
3603
3603
3604
3604
3605
3607
3607
3608
3608
3610
3612
3612
3612
3612
3613
3613
3613
3614
3618
3619
3620
3620
3620
3620
3620
3623
3624
3625
3626
3626
3627
3628
3628
3629
3630
3630
3631
3632
3632
3633
3634
3635
3635
3636
3637
3638
3638
3639
3639
3640
3640
3640
3640
3641
3641
3642
3642
3647
3648
3653
3653
3654
3655
3656
3657
3657
3657
3658
3659
3662
3663
3664
3665
3666
3667
3667
3668
3668
3670
3671
3672
3673
3673
3675
3676
3676
3677
3678
3678
3680
3680
3681
3682
3682
3682
3686
3687
3687
3688
3688
3689
3691
3693
3693
3693
3695
3696
3696
3699
3699
3699
3700
3700
3701
3702
3702
3703
3704
3704
3707
3708
3708
3708
3709
3709
3710
3710
3711
3715
3715
3716
3718
3719
3719
3720
3720
3721
3721
3722
3724
3725
3725
3728
3728
3728
3730
3730
3732
3733
3734
3735
3736
3737
3740
3740
3740
3743
3746
3746
3748
3750
3750
3751
3753
3754
3756
3756
3757
3757
3761
3761
3762
3763
3766
3766
3768
3769
3770
3770
3771
3772
3772
3774
3775
3775
3775
3776
3776
3776
3777
3777
3779
3781
3783
3783
3783
3784
3784
3787
3789
3791
3791
3791
3792
3794
3795
3796
3801
3804
3805
3806
3807
3809
3811
3811
3812
3812
3813
3815
3815
3818
3818
3819
3821
3822
3822
3823
3824
3824
3824
3825
3826
3826
3827
3828
3829
3830
3832
3833
3833
3836
3837
3837
3837
3838
3838
3838
3839
3841
3843
3847
3848
3848
3850
3850
3850
3850
3855
3856
3858
3859
3862
3862
3863
3863
3866
3867
3868
3868
3868
3869
3870
3872
3875
3875
3875
3875
3877
3878
3878
3879
3883
3883
3884
3886
3887
3887
3888
3888
3889
3889
3889
3890
3890
3891
3892
3892
3893
3893
3894
3895
3896
3897
3897
3898
3901
3901
3902
3902
3902
3903
3904
3904
3904
3904
3906
3907
3907
3909
3911
3915
3915
3916
3918
3918
3919
3920
3921
3922
3923
3926
3927
3928
3929
3930
3930
3932
3932
3933
3933
3933
3935
3935
3936
3936
3937
3938
3939
3939
3941
3941
3941
3944
3944
3945
3945
3945
3947
3947
3948
3949
3952
3952
3954
3954
3955
3956
3957
3958
3959
3959
3959
3959
3962
3963
3963
3963
3965
3966
3967
3968
3968
3972
3973
3974
3975
3976
3976
3977
3978
3979
3979
3980
3984
3986
3988
3988
3994
3995
3995
3995
3997
3998
3999
3999
3999
4000
4001
4002
4002
4003
4004
4007
4007
4009
4009
4009
4010
4010
4010
4011
4011
4012
4014
4014
4019
4019
4020
4021
4022
4024
4025
4027
4030
4030
4030
4032
4033
4034
4038
4038
4038
4039
4042
4043
4044
4044
4044
4045
4045
4045
4049
4049
4049
4050
4050
4053
4053
4054
4054
4054
4057
4058
4059
4060
4061
4061
4062
4062
4063
4065
4066
4067
4068
4068
4069
4070
4072
4072
4073
4079
4080
4082
4083
4084
4084
4085
4085
4086
4087
4088
4089
4090
4090
4091
4091
4091
4092
4092
4092
4093
4094
4095
4095
4095
4096
4097
4098
4098
4099
4101
4102
4103
4103
4103
4104
4106
4107
4109
4109
4110
4111
4113
4114
4114
4114
4116
4117
4117
4118
4119
4122
4123
4123
4123
4124
4127
4128
4128
4128
4130
4132
4132
4132
4133
4134
4136
4138
4140
4140
4141
4142
4143
4144
4144
4148
4150
4150
4150
4150
4154
4155
4158
4160
4160
4162
4162
4163
4164
4168
4169
4170
4172
4173
4174
4177
4177
4177
4178
4179
4179
4181
4181
4181
4183
4183
4184
4184
4185
4185
4185
4186
4187
4187
4189
4190
4192
4192
4193
4195
4195
4196
4197
4198
4199
4199
4199
4199
4200
4201
4202
4203
4205
4206
4207
4209
4210
4211
4212
4212
4213
4213
4214
4215
4216
4217
4218
4219
4222
4223
4223
4225
4226
4226
4226
4227
4227
4228
4229
4229
4229
4230
4230
4230
4231
4231
4233
4234
4234
4235
4236
4237
4237
4238
4239
4239
4240
4240
4241
4243
4243
4243
4244
4245
4247
4248
4248
4249
4250
4252
4254
4254
4254
4254
4256
4257
4258
4258
4259
4260
4260
4262
4263
4263
4264
4267
4268
4268
4270
4271
4271
4271
4272
4272
4275
4275
4275
4276
4279
4279
4279
4280
4281
4281
4282
4285
4286
4286
4286
4286
4288
4291
4292
4293
4293
4296
4296
4296
4300
4300
4301
4301
4301
4303
4303
4304
4304
4307
4308
4308
4308
4309
4311
4315
4315
4319
4319
4319
4320
4320
4321
4322
4323
4324
4325
4327
4330
4330
4332
4332
4333
4333
4333
4334
4335
4335
4335
4336
4336
4338
4340
4341
4341
4342
4342
4342
4342
4343
4343
4344
4345
4346
4347
4348
4349
4350
4351
4351
4351
4352
4353
4355
4357
4359
4359
4360
4362
4362
4363
4363
4363
4364
4365
4365
4367
4367
4367
4368
4369
4370
4370
4371
4372
4372
4372
4372
4372
4372
4372
4374
4375
4376
4377
4377
4377
4378
4380
4381
4382
4382
4385
4390
4391
4392
4392
4392
4394
4395
4396
4396
4397
4399
4400
4400
4402
4402
4402
4403
4407
4407
4409
4409
4409
4410
4410
4410
4411
4411
4412
4412
4413
4418
4419
4420
4420
4420
4420
4422
4423
4423
4423
4424
4425
4427
4427
4427
4431
4434
4435
4436
4438
4438
4440
4441
4442
4443
4444
4444
4446
4447
4449
4450
4451
4453
4454
4454
4455
4456
4456
4456
4457
4458
4458
4460
4463
4464
4465
4466
4467
4467
4469
4469
4471
4472
4473
4473
4473
4473
4474
4476
4476
4476
4477
4477
4478
4478
4478
4479
4479
4479
4479
4480
4481
4483
4484
4486
4486
4487
4490
4490
4490
4490
4491
4491
4492
4494
4494
4495
4495
4496
4496
4498
4499
4500
4502
4503
4504
4504
4504
4509
4509
4509
4510
4511
4511
4511
4514
4517
4518
4518
4519
4519
4520
4520
4523
4524
4525
4529
4529
4529
4533
4533
4535
4536
4538
4540
4541
4541
4543
4545
4546
4548
4549
4551
4551
4552
4553
4553
4553
4554
4555
4555
4556
4556
4557
4560
4560
4560
4560
4560
4564
4564
4565
4565
4565
4566
4567
4568
4569
4570
4571
4571
4572
4573
4573
4577
4577
4578
4579
4582
4584
4586
4587
4587
4588
4590
4590
4590
4590
4591
4593
4594
4595
4599
4600
4601
4602
4607
4608
4608
4608
4609
4610
4610
4612
4615
4615
4615
4616
4617
4621
4622
4622
4622
4623
4624
4625
4627
4627
4628
4631
4631
4632
4632
4633
4634
4635
4636
4637
4638
4638
4639
4640
4641
4641
4643
4645
4647
4648
4648
4649
4649
4650
4651
4653
4654
4655
4656
4657
4658
4659
4660
4660
4661
4662
4663
4663
4664
4668
4668
4670
4671
4674
4675
4676
4676
4677
4679
4680
4680
4681
4682
4683
4683
4683
4685
4689
4690
4692
4692
4693
4694
4694
4695
4695
4696
4697
4697
4698
4699
4700
4700
4701
4702
4702
4703
4703
4706
4706
4706
4709
4709
4709
4710
4710
4711
4712
4712
4712
4714
4715
4718
4720
4721
4721
4722
4722
4722
4724
4725
4725
4726
4726
4728
4729
4730
4731
4731
4731
4732
4733
4734
4734
4734
4736
4736
4736
4737
4737
4738
4739
4740
4741
4742
4742
4743
4745
4745
4745
4747
4748
4748
4749
4750
4750
4751
4752
4752
4754
4754
4755
4756
4756
4757
4758
4759
4760
4761
4761
4761
4763
4764
4765
4765
4766
4766
4766
4767
4768
4769
4772
4772
4773
4774
4774
4775
4776
4780
4782
4783
4784
4785
4785
4785
4789
4789
4789
4790
4790
4791
4791
4791
4792
4792
4793
4795
4798
4798
4799
4799
4801
4801
4802
4804
4805
4805
4806
4807
4808
4809
4814
4816
4819
4820
4822
4824
4825
4825
4825
4827
4827
4829
4829
4829
4829
4836
4837
4837
4837
4838
4840
4840
4841
4843
4843
4845
4845
4845
4847
4847
4849
4849
4850
4850
4856
4859
4860
4861
4862
4864
4864
4866
4866
4868
4869
4870
4870
4870
4872
4875
4876
4878
4880
4881
4883
4883
4883
4884
4885
4885
4887
4889
4890
4891
4891
4892
4894
4896
4896
4896
4897
4898
4898
4899
4900
4900
4902
4902
4904
4905
4905
4906
4906
4907
4908
4908
4909
4909
4910
4910
4911
4917
4917
4920
4921
4921
4922
4924
4926
4926
4927
4927
4928
4928
4929
4931
4935
4936
4937
4937
4937
4938
4940
4941
4942
4944
4945
4946
4947
4947
4947
4947
4948
4948
4948
4951
4953
4953
4954
4959
4959
4960
4961
4961
4961
4962
4962
4963
4965
4969
4971
4972
4973
4974
4975
4975
4975
4975
4976
4977
4979
4980
4981
4981
4981
4981
4982
4983
4984
4985
4989
4989
4990
4991
4992
4993
4995
4997
5000
5002
5003
5004
5005
5012
5013
5014
5014
5018
5020
5021
5023
5024
5026
5027
5027
5028
5029
5030
5031
5031
5031
5032
5035
5035
5038
5039
5039
5043
5044
5047
5048
5048
5049
5049
5050
5050
5051
5051
5051
5052
5052
5052
5053
5056
5057
5058
5058
5060
5062
5063
5065
5066
5067
5068
5068
5068
5068
5069
5070
5070
5072
5072
5072
5072
5074
5075
5076
5077
5078
5078
5078
5078
5079
5080
5081
5084
5085
5085
5086
5086
5087
5087
5087
5089
5089
5091
5091
5091
5092
5092
5094
5094
5095
5095
5096
5096
5096
5097
5097
5097
5098
5100
5100
5101
5102
5104
5104
5104
5104
5105
5107
5109
5109
5110
5111
5111
5111
5112
5113
5114
5115
5116
5117
5117
5119
5119
5121
5121
5123
5124
5126
5126
5127
5127
5127
5127
5130
5131
5132
5133
5136
5136
5137
5138
5138
5138
5139
5140
5142
5142
5142
5144
5145
5145
5147
5148
5149
5149
5150
5152
5155
5158
5158
5158
5159
5160
5160
5165
5166
5167
5168
5169
5169
5169
5170
5170
5172
5172
5173
5174
5174
5175
5179
5179
5181
5182
5183
5184
5185
5186
5186
5187
5187
5187
5189
5189
5190
5190
5192
5192
5193
5194
5195
5195
5196
5196
5196
5197
5198
5198
5199
5199
5199
5201
5201
5203
5204
5204
5205
5205
5206
5206
5209
5210
5211
5211
5215
5216
5216
5219
5221
5222
5223
5223
5223
5224
5226
5227
5228
5229
5229
5229
5230
5232
5233
5233
5236
5236
5237
5238
5242
5243
5244
5244
5251
5252
5253
5253
5255
5256
5258
5261
5262
5262
5263
5263
5265
5266
5267
5267
5267
5268
5269
5270
5270
5271
5272
5273
5276
5278
5279
5279
5279
5280
5281
5283
5284
5285
5287
5287
5287
5287
5290
5291
5291
5293
5294
5295
5296
5297
5297
5298
5298
5299
5299
5299
5300
5300
5301
5301
5303
5304
5305
5306
5306
5306
5307
5307
5307
5310
5311
5312
5312
5313
5313
5314
5314
5315
5317
5318
5320
5321
5323
5323
5323
5323
5324
5324
5325
5325
5327
5329
5330
5331
5332
5333
5335
5335
5337
5337
5337
5338
5338
5340
5340
5341
5344
5344
5345
5346
5347
5348
5350
5351
5351
5351
5353
5353
5353
5354
5354
5354
5356
5356
5357
5358
5362
5362
5363
5364
5365
5365
5365
5365
5366
5367
5369
5370
5371
5371
5371
5374
5375
5380
5381
5381
5384
5385
5387
5387
5388
5388
5388
5391
5392
5393
5396
5397
5398
5399
5400
5401
5402
5403
5404
5404
5406
5412
5414
5415
5415
5417
5417
5420
5422
5422
5423
5423
5423
5424
5424
5426
5428
5429
5429
5430
5430
5432
5432
5432
5432
5433
5433
5434
5436
5437
5437
5437
5437
5438
5438
5438
5440
5440
5441
5441
5442
5442
5446
5447
5447
5448
5451
5452
5452
5452
5452
5453
5453
5455
5457
5458
5458
5458
5462
5462
5463
5464
5466
5469
5470
5470
5471
5474
5474
5475
5475
5476
5477
5478
5479
5480
5480
5481
5484
5486
5486
5489
5491
5492
5493
5493
5493
5495
5497
5499
5500
5502
5503
5503
5503
5504
5510
5514
5515
5515
5516
5516
5517
5517
5517
5518
5518
5518
5518
5518
5518
5525
5530
5530
5531
5531
5533
5534
5535
5536
5536
5537
5537
5540
5541
5541
5542
5543
5544
5544
5547
5547
5549
5550
5553
5554
5556
5556
5556
5559
5560
5561
5562
5562
5564
5564
5564
5565
5566
5566
5567
5571
5571
5573
5573
5575
5576
5576
5576
5578
5579
5581
5583
5583
5583
5583
5583
5584
5584
5585
5586
5588
5589
5590
5591
5592
5593
5594
5594
5595
5596
5597
5597
5597
5598
5599
5601
5601
5602
5602
5606
5608
5609
5611
5612
5616
5617
5618
5618
5618
5619
5623
5623
5624
5624
5625
5626
5627
5627
5627
5627
5628
5629
5630
5630
5633
5633
5633
5634
5635
5635
5635
5635
5636
5636
5637
5640
5640
5640
5642
5644
5646
5648
5649
5650
5650
5651
5651
5651
5652
5654
5655
5656
5657
5659
5659
5661
5661
5662
5664
5665
5667
5670
5670
5672
5672
5673
5674
5674
5674
5674
5675
5677
5677
5678
5678
5678
5679
5681
5684
5684
5685
5686
5687
5687
5688
5688
5690
5690
5690
5691
5692
5692
5693
5694
5694
5696
5697
5698
5704
5707
5707
5707
5709
5709
5709
5710
5710
5711
5714
5715
5716
5719
5720
5721
5722
5723
5724
5724
5727
5728
5729
5730
5730
5731
5732
5732
5732
5733
5733
5735
5735
5735
5735
5736
5738
5738
5739
5741
5742
5744
5745
5747
5747
5747
5749
5750
5750
5751
5752
5752
5752
5753
5753
5754
5755
5756
5757
5757
5758
5759
5760
5761
5762
5762
5763
5763
5764
5766
5767
5768
5771
5771
5774
5776
5776
5778
5781
5782
5782
5787
5788
5794
5794
5794
5795
5796
5796
5796
5798
5799
5800
5801
5801
5802
5804
5804
5805
5805
5806
5806
5806
5806
5807
5807
5807
5808
5808
5809
5811
5812
5814
5815
5816
5817
5817
5818
5819
5820
5821
5822
5822
5823
5825
5829
5831
5832
5833
5833
5835
5835
5835
5836
5837
5838
5839
5840
5841
5842
5843
5843
5844
5845
5846
5847
5847
5851
5853
5853
5854
5855
5855
5856
5858
5859
5859
5859
5864
5864
5865
5867
5868
5868
5870
5870
5871
5876
5876
5877
5878
5878
5878
5880
5881
5884
5885
5885
5885
5886
5886
5887
5887
5889
5889
5889
5892
5892
5894
5895
5896
5897
5898
5898
5899
5905
5905
5907
5908
5908
5909
5911
5913
5916
5916
5916
5916
5917
5917
5917
5917
5917
5918
5918
5918
5923
5923
5925
5926
5927
5928
5929
5930
5930
5930
5931
5933
5933
5934
5934
5934
5937
5938
5938
5940
5941
5941
5942
5944
5945
5946
5946
5949
5950
5950
5952
5953
5953
5953
5953
5956
5958
5958
5959
5960
5961
5962
5964
5965
5969
5970
5971
5972
5974
5974
5974
5974
5975
5975
5977
5977
5977
5978
5978
5979
5980
5981
5982
5983
5984
5987
5987
5988
5989
5990
5990
5990
5990
5991
5992
5993
5994
5994
5995
5995
5997
5999
6001
6003
6003
6005
6008
6009
6009
6010
6010
6010
6011
6014
6016
6016
6016
6018
6020
6021
6021
6021
6023
6023
6024
6025
6026
6027
6028
6028
6028
6031
6037
6037
6038
6039
6039
6040
6041
6041
6042
6042
6042
6042
6043
6045
6045
6048
6049
6050
6053
6053
6055
6055
6056
6057
6058
6059
6059
6059
6061
6063
6063
6064
6064
6064
6064
6064
6066
6066
6069
6070
6071
6071
6071
6073
6073
6075
6076
6076
6076
6077
6081
6083
6085
6086
6086
6086
6087
6088
6090
6090
6091
6091
6091
6092
6092
6093
6093
6094
6094
6096
6096
6096
6097
6097
6098
6099
6100
6101
6102
6103
6105
6107
6107
6108
6108
6109
6109
6110
6111
6113
6114
6114
6115
6119
6120
6122
6122
6124
6125
6126
6127
6128
6128
6129
6129
6129
6129
6129
6130
6132
6134
6134
6134
6139
6140
6141
6142
6143
6147
6147
6148
6149
6150
6152
6154
6154
6155
6155
6156
6156
6158
6159
6160
6160
6162
6162
6163
6164
6164
6167
6167
6168
6169
6170
6170
6171
6172
6173
6173
6174
6175
6176
6176
6176
6177
6177
6177
6183
6183
6183
6183
6183
6183
6184
6184
6184
6187
6191
6191
6195
6196
6198
6198
6199
6201
6202
6202
6202
6206
6206
6207
6207
6208
6209
6209
6210
6212
6212
6212
6213
6213
6216
6216
6216
6217
6219
6220
6220
6222
6223
6225
6225
6226
6226
6227
6228
6229
6229
6230
6230
6232
6236
6238
6239
6240
6240
6240
6241
6243
6244
6244
6244
6245
6247
6247
6250
6251
6255
6256
6256
6256
6257
6258
6259
6260
6260
6262
6263
6264
6264
6264
6265
6265
6268
6269
6269
6270
6270
6271
6271
6271
6272
6273
6275
6275
6279
6279
6282
6282
6284
6285
6286
6286
6289
6289
6291
6296
6296
6297
6299
6299
6299
6303
6303
6306
6306
6306
6309
6311
6312
6312
6313
6315
6315
6316
6318
6319
6321
6322
6322
6323
6323
6326
6327
6327
6327
6331
6331
6334
6335
6335
6335
6336
6336
6337
6337
6338
6338
6340
6341
6341
6342
6342
6342
6343
6344
6344
6345
6345
6346
6346
6346
6347
6349
6353
6357
6359
6359
6362
6363
6364
6364
6365
6368
6369
6373
6374
6375
6375
6375
6376
6379
6380
6381
6384
6385
6385
6387
6387
6387
6389
6391
6392
6393
6395
6396
6397
6397
6400
6400
6401
6402
6404
6404
6405
6405
6409
6409
6410
6411
6414
6414
6415
6415
6416
6417
6417
6418
6418
6419
6419
6420
6421
6425
6426
6426
6426
6428
6428
6430
6430
6433
6433
6436
6437
6437
6438
6441
6441
6442
6444
6445
6446
6446
6446
6447
6450
6452
6452
6454
6455
6455
6455
6455
6455
6456
6456
6458
6458
6459
6459
6460
6461
6461
6461
6465
6465
6467
6468
6470
6470
6472
6472
6472
6473
6474
6474
6477
6478
6481
6483
6484
6484
6484
6485
6486
6486
6487
6488
6489
6489
6495
6495
6496
6499
6499
6499
6501
6503
6503
6504
6505
6506
6506
6506
6508
6509
6510
6510
6511
6511
6511
6512
6516
6516
6519
6519
6521
6523
6523
6523
6523
6524
6525
6525
6525
6525
6526
6526
6527
6527
6527
6528
6529
6530
6532
6532
6533
6535
6535
6536
6536
6538
6539
6542
6542
6542
6543
6544
6544
6544
6546
6547
6548
6548
6549
6550
6551
6551
6552
6553
6553
6555
6556
6559
6560
6561
6562
6564
6565
6567
6567
6567
6567
6568
6569
6569
6569
6571
6572
6572
6572
6575
6576
6576
6576
6577
6578
6580
6580
6580
6581
6582
6582
6582
6584
6585
6585
6585
6586
6588
6588
6589
6592
6593
6594
6595
6596
6597
6598
6600
6603
6604
6605
6605
6607
6610
6610
6611
6612
6612
6612
6614
6614
6615
6615
6616
6616
6618
6623
6624
6624
6624
6626
6629
6629
6631
6631
6631
6631
6632
6632
6635
6636
6636
6636
6638
6639
6639
6640
6641
6641
6646
6646
6647
6648
6654
6656
6657
6657
6658
6658
6658
6660
6661
6661
6666
6667
6667
6669
6669
6672
6672
6672
6674
6674
6676
6676
6676
6678
6679
6681
6681
6682
6683
6684
6686
6687
6687
6687
6691
6691
6691
6691
6691
6692
6696
6696
6698
6699
6699
6699
6699
6700
6700
6700
6700
6702
6705
6705
6706
6707
6708
6708
6711
6712
6712
6713
6714
6714
6715
6716
6718
6719
6721
6721
6723
6723
6725
6725
6728
6728
6728
6730
6730
6731
6731
6733
6733
6733
6734
6735
6738
6738
6741
6742
6744
6744
6747
6748
6748
6748
6748
6752
6754
6754
6755
6757
6758
6758
6758
6759
6763
6765
6766
6768
6768
6769
6770
6770
6772
6772
6774
6775
6776
6778
6779
6783
6784
6787
6787
6787
6789
6789
6791
6792
6796
6798
6799
6800
6802
6802
6803
6803
6804
6804
6805
6805
6806
6807
6807
6809
6809
6809
6811
6811
6814
6815
6817
6818
6820
6822
6822
6822
6823
6824
6824
6826
6829
6829
6829
6832
6833
6833
6835
6835
6836
6836
6836
6837
6837
6841
6841
6842
6843
6843
6844
6844
6844
6847
6848
6848
6849
6850
6850
6851
6852
6853
6856
6856
6857
6857
6858
6858
6860
6860
6860
6861
6861
6861
6863
6865
6865
6866
6867
6867
6867
6867
6868
6868
6870
6870
6871
6872
6873
6875
6879
6880
6885
6886
6887
6887
6889
6890
6890
6893
6893
6893
6893
6894
6894
6894
6895
6895
6898
6898
6898
6899
6899
6899
6900
6902
6903
6903
6903
6904
6906
6907
6907
6910
6911
6912
6912
6914
6914
6915
6915
6915
6916
6920
6923
6924
6924
6926
6926
6927
6929
6929
6929
6930
6931
6932
6933
6933
6937
6937
6938
6939
6940
6940
6941
6947
6950
6951
6952
6952
6952
6955
6956
6956
6959
6960
6962
6963
6964
6966
6967
6967
6967
6968
6969
6971
6971
6971
6972
6972
6972
6973
6973
6975
6975
6975
6976
6977
6978
6981
6981
6982
6984
6985
6986
6986
6986
6988
6988
6988
6993
6993
6995
6995
6997
6997
6997
6997
6998
7000
7001
7003
7004
7005
7006
7009
7009
7011
7013
7013
7014
7015
7015
7015
7015
7017
7018
7018
7018
7019
7019
7021
7022
7023
7024
7025
7027
7029
7030
7034
7034
7036
7036
7037
7040
7041
7043
7043
7044
7045
7046
7046
7049
7050
7050
7057
7059
7060
7061
7063
7063
7064
7067
7067
7067
7069
7069
7070
7070
7072
7072
7074
7075
7076
7077
7077
7079
7080
7082
7083
7084
7084
7084
7084
7086
7087
7087
7088
7088
7089
7089
7089
7090
7091
7092
7094
7094
7094
7095
7096
7096
7098
7100
7100
7102
7103
7105
7106
7107
7107
7108
7110
7110
7111
7112
7113
7115
7115
7115
7116
7118
7119
7120
7121
7121
7121
7122
7122
7124
7124
7124
7125
7125
7127
7131
7131
7132
7132
7136
7137
7137
7137
7142
7142
7143
7143
7144
7145
7146
7147
7147
7148
7148
7149
7149
7150
7150
7151
7151
7152
7153
7154
7154
7155
7156
7156
7158
7161
7161
7162
7163
7163
7165
7166
7167
7168
7168
7169
7171
7171
7171
7172
7172
7174
7174
7175
7175
7176
7176
7177
7177
7179
7180
7181
7181
7183
7183
7184
7185
7186
7186
7190
7190
7191
7192
7192
7193
7194
7196
7197
7197
7198
7199
7199
7202
7202
7202
7204
7204
7209
7210
7210
7213
7214
7214
7216
7216
7219
7219
7220
7220
7220
7221
7222
7223
7223
7224
7225
7225
7228
7229
7230
7231
7236
7237
7240
7243
7245
7247
7248
7249
7249
7250
7250
7252
7253
7254
7254
7254
7255
7255
7256
7262
7262
7264
7266
7266
7266
7267
7268
7269
7270
7272
7273
7273
7274
7275
7280
7281
7282
7284
7286
7287
7288
7289
7290
7290
7290
7291
7292
7292
7292
7294
7296
7296
7296
7297
7297
7298
7302
7303
7304
7304
7305
7305
7305
7306
7307
7308
7309
7310
7313
7313
7314
7315
7315
7316
7317
7317
7318
7318
7319
7320
7321
7322
7323
7325
7325
7327
7329
7332
7332
7332
7334
7334
7335
7341
7341
7343
7344
7345
7345
7345
7346
7347
7348
7349
7349
7350
7351
7351
7352
7354
7354
7355
7356
7358
7361
7361
7361
7362
7362
7365
7367
7368
7369
7369
7370
7371
7373
7373
7373
7375
7378
7379
7381
7382
7384
7384
7385
7387
7387
7388
7388
7389
7391
7391
7397
7399
7400
7401
7402
7402
7402
7403
7403
7404
7404
7404
7404
7405
7406
7407
7407
7408
7411
7411
7411
7412
7413
7413
7413
7414
7414
7416
7417
7419
7421
7421
7421
7423
7423
7423
7423
7425
7425
7426
7427
7428
7429
7431
7431
7432
7432
7434
7435
7437
7438
7439
7439
7442
7443
7443
7444
7448
7448
7448
7449
7450
7450
7450
7452
7452
7453
7453
7454
7454
7454
7456
7456
7457
7459
7459
7459
7459
7463
7464
7465
7466
7467
7467
7469
7470
7471
7476
7476
7476
7476
7476
7480
7480
7481
7481
7483
7483
7485
7485
7486
7486
7488
7488
7488
7490
7492
7493
7493
7493
7495
7496
7497
7497
7498
7498
7498
7499
7500
7500
7500
7500
7501
7502
7503
7505
7506
7507
7510
7515
7516
7519
7519
7522
7523
7524
7524
7525
7530
7532
7532
7533
7533
7534
7535
7537
7538
7539
7543
7545
7547
7548
7548
7550
7551
7551
7551
7552
7552
7552
7553
7554
7555
7557
7557
7557
7558
7558
7559
7561
7562
7563
7566
7571
7572
7573
7575
7575
7578
7580
7583
7587
7587
7589
7593
7593
7594
7594
7594
7595
7596
7598
7598
7598
7599
7600
7600
7600
7600
7600
7602
7602
7603
7603
7604
7609
7610
7611
7612
7613
7613
7613
7614
7617
7617
7618
7620
7621
7621
7622
7623
7623
7623
7624
7624
7627
7628
7628
7630
7630
7632
7632
7634
7634
7638
7638
7639
7640
7640
7640
7641
7641
7641
7644
7646
7647
7649
7650
7650
7651
7653
7655
7655
7655
7656
7656
7657
7660
7662
7664
7665
7665
7666
7667
7667
7668
7669
7669
7672
7673
7673
7674
7675
7676
7677
7678
7679
7679
7680
7681
7685
7686
7688
7690
7691
7692
7693
7693
7693
7696
7697
7697
7698
7700
7701
7702
7703
7708
7709
7709
7709
7710
7710
7712
7712
7712
7713
7714
7714
7715
7716
7718
7720
7721
7722
7723
7725
7726
7727
7729
7729
7730
7731
7732
7732
7734
7735
7740
7740
7740
7741
7743
7743
7744
7745
7745
7746
7747
7748
7749
7750
7751
7752
7752
7753
7753
7755
7755
7756
7757
7757
7757
7757
7758
7759
7761
7766
7766
7766
7770
7771
7771
7774
7775
7775
7776
7778
7778
7781
7782
7783
7784
7784
7785
7787
7788
7788
7790
7790
7792
7792
7793
7793
7794
7795
7796
7796
7796
7796
7796
7799
7799
7802
7802
7802
7802
7803
7805
7805
7806
7807
7808
7810
7811
7811
7812
7813
7817
7820
7822
7823
7823
7823
7824
7824
7825
7828
7829
7831
7831
7832
7833
7835
7836
7836
7839
7839
7841
7841
7841
7843
7846
7846
7848
7849
7850
7852
7852
7852
7855
7855
7857
7857
7857
7858
7858
7861
7862
7862
7862
7862
7863
7864
7868
7869
7870
7870
7870
7871
7872
7872
7874
7878
7878
7879
7880
7881
7884
7885
7885
7886
7889
7889
7892
7892
7895
7896
7896
7899
7899
7899
7900
7900
7903
7906
7907
7908
7911
7911
7913
7914
7919
7919
7919
7919
7919
7920
7921
7922
7924
7925
7926
7926
7928
7929
7930
7931
7933
7934
7934
7936
7937
7939
7940
7940
7940
7941
7943
7944
7945
7946
7947
7948
7948
7948
7950
7954
7955
7955
7956
7958
7958
7959
7960
7960
7961
7961
7962
7965
7967
7968
7968
7969
7969
7969
7969
7972
7976
7978
7980
7981
7981
7983
7986
7987
7988
7989
7989
7990
7991
7993
7993
7995
7997
7997
8000
8001
8001
8002
8002
8004
8006
8007
8007
8007
8010
8011
8015
8015
8016
8020
8023
8024
8024
8025
8025
8027
8028
8029
8029
8031
8032
8033
8035
8035
8035
8035
8036
8037
8040
8041
8041
8042
8043
8044
8045
8046
8046
8046
8047
8047
8047
8047
8048
8050
8054
8056
8056
8058
8058
8058
8060
8061
8061
8062
8064
8067
8071
8071
8073
8077
8080
8080
8081
8081
8083
8084
8085
8088
8088
8090
8091
8091
8091
8093
8095
8096
8097
8098
8098
8099
8100
8101
8102
8103
8104
8105
8106
8109
8110
8110
8111
8111
8111
8113
8114
8114
8115
8115
8116
8117
8117
8119
8121
8121
8122
8123
8125
8125
8129
8130
8130
8134
8134
8137
8139
8140
8141
8141
8142
8143
8144
8145
8145
8146
8147
8148
8148
8148
8149
8151
8152
8155
8155
8156
8156
8158
8159
8162
8163
8163
8164
8166
8168
8168
8169
8172
8172
8173
8173
8173
8174
8176
8177
8178
8179
8179
8183
8183
8184
8184
8187
8187
8191
8192
8192
8192
8194
8195
8195
8196
8197
8199
8199
8200
8200
8202
8204
8206
8207
8207
8208
8209
8209
8210
8211
8212
8213
8215
8216
8216
8218
8219
8219
8220
8220
8220
8220
8220
8221
8221
8221
8223
8223
8228
8228
8230
8231
8231
8233
8234
8234
8235
8237
8238
8240
8240
8240
8241
8241
8241
8243
8243
8243
8247
8248
8249
8249
8249
8250
8251
8251
8252
8253
8255
8256
8257
8257
8258
8259
8261
8262
8264
8266
8268
8268
8269
8270
8270
8272
8273
8275
8276
8276
8277
8278
8279
8281
8282
8285
8286
8288
8288
8290
8293
8293
8295
8297
8298
8298
8298
8298
8301
8303
8303
8304
8306
8306
8306
8308
8308
8308
8308
8310
8311
8312
8314
8314
8315
8315
8318
8321
8321
8321
8322
8322
8322
8322
8323
8324
8327
8328
8329
8329
8332
8335
8335
8336
8338
8338
8338
8340
8341
8342
8342
8343
8343
8344
8344
8346
8347
8347
8348
8349
8350
8350
8350
8351
8352
8355
8355
8355
8355
8356
8356
8357
8357
8358
8360
8364
8366
8367
8369
8371
8372
8372
8372
8374
8376
8376
8377
8377
8378
8378
8379
8380
8380
8381
8385
8386
8386
8387
8387
8388
8389
8389
8390
8391
8393
8393
8394
8394
8395
8395
8395
8396
8396
8397
8397
8398
8398
8399
8399
8400
8401
8401
8402
8402
8403
8408
8409
8410
8411
8411
8413
8414
8414
8416
8418
8418
8418
8419
8419
8421
8421
8423
8426
8428
8429
8430
8430
8430
8432
8434
8434
8435
8436
8438
8438
8439
8440
8440
8440
8440
8441
8442
8442
8443
8445
8445
8445
8448
8449
8450
8450
8451
8451
8452
8452
8453
8454
8455
8455
8457
8457
8457
8458
8459
8460
8460
8460
8461
8461
8462
8462
8463
8466
8466
8467
8471
8471
8472
8472
8473
8473
8473
8474
8475
8475
8476
8476
8477
8479
8479
8479
8484
8484
8484
8485
8486
8486
8487
8489
8490
8490
8490
8491
8491
8492
8494
8496
8498
8499
8500
8501
8501
8503
8503
8504
8505
8508
8509
8509
8510
8510
8510
8512
8518
8518
8519
8520
8521
8522
8522
8523
8524
8524
8525
8525
8525
8526
8527
8529
8530
8530
8530
8532
8534
8535
8536
8536
8537
8538
8539
8541
8543
8546
8548
8548
8549
8551
8551
8552
8552
8553
8553
8554
8554
8556
8558
8558
8560
8562
8567
8568
8568
8569
8569
8570
8571
8571
8571
8571
8573
8574
8574
8574
8574
8578
8578
8578
8581
8582
8583
8583
8586
8587
8587
8588
8589
8589
8590
8591
8591
8595
8597
8597
8600
8600
8600
8603
8603
8604
8609
8611
8611
8612
8616
8616
8616
8617
8617
8617
8618
8622
8623
8624
8626
8627
8628
8629
8630
8631
8631
8631
8633
8633
8634
8634
8635
8635
8636
8636
8636
8638
8640
8641
8642
8642
8642
8644
8645
8646
8648
8649
8652
8652
8653
8653
8655
8655
8658
8659
8660
8660
8664
8666
8666
8669
8669
8670
8671
8672
8675
8675
8676
8676
8677
8678
8679
8679
8683
8683
8684
8688
8689
8690
8690
8691
8691
8691
8692
8694
8694
8694
8696
8697
8698
8700
8701
8703
8703
8704
8704
8705
8705
8706
8706
8708
8709
8710
8710
8713
8713
8715
8715
8716
8717
8718
8720
8721
8723
8724
8725
8725
8725
8725
8726
8729
8733
8733
8734
8734
8735
8735
8736
8736
8736
8738
8738
8738
8739
8740
8742
8744
8745
8745
8745
8745
8747
8747
8750
8750
8750
8752
8752
8753
8753
8754
8754
8755
8755
8759
8760
8761
8761
8762
8762
8764
8765
8766
8766
8767
8767
8767
8768
8768
8768
8768
8769
8769
8770
8772
8773
8774
8774
8775
8775
8775
8775
8776
8777
8777
8778
8779
8781
8781
8782
8783
8784
8785
8786
8787
8788
8788
8789
8790
8792
8792
8792
8794
8796
8796
8796
8797
8799
8800
8801
8801
8802
8803
8803
8803
8805
8805
8807
8809
8809
8810
8810
8812
8812
8812
8812
8813
8814
8815
8816
8816
8816
8818
8818
8820
8820
8821
8823
8825
8825
8827
8828
8829
8830
8830
8831
8834
8841
8841
8844
8844
8846
8846
8846
8847
8848
8848
8852
8852
8853
8853
8853
8853
8853
8854
8854
8854
8857
8858
8858
8858
8860
8860
8862
8862
8862
8863
8864
8866
8867
8867
8868
8870
8871
8871
8871
8875
8875
8875
8876
8879
8879
8879
8880
8881
8881
8881
8882
8884
8885
8887
8887
8887
8888
8890
8890
8890
8891
8892
8894
8895
8896
8899
8899
8900
8901
8901
8901
8902
8903
8903
8903
8904
8905
8905
8906
8906
8909
8909
8909
8911
8911
8911
8915
8916
8917
8917
8918
8918
8919
8921
8921
8922
8923
8923
8923
8925
8928
8929
8930
8930
8930
8931
8933
8935
8936
8937
8940
8940
8941
8941
8941
8942
8942
8944
8944
8946
8951
8952
8953
8954
8954
8954
8955
8957
8957
8958
8959
8960
8960
8961
8962
8964
8964
8966
8969
8970
8970
8974
8974
8976
8978
8981
8982
8983
8985
8985
8987
8988
8989
8989
8990
8993
8994
8994
8995
8997
8998
8998
8999
9000
9002
9002
9002
9003
9005
9005
9005
9006
9007
9007
9008
9009
9009
9011
9013
9014
9014
9015
9018
9021
9021
9021
9022
9023
9024
9026
9026
9027
9027
9027
9029
9029
9031
9032
9032
9033
9033
9035
9036
9040
9041
9043
9043
9044
9044
9046
9047
9049
9054
9055
9056
9057
9057
9062
9064
9064
9064
9066
9067
9068
9068
9069
9070
9071
9071
9074
9075
9075
9076
9076
9076
9078
9078
9078
9078
9078
9078
9079
9079
9082
9084
9085
9086
9087
9089
9089
9090
9091
9091
9093
9093
9095
9096
9097
9098
9099
9100
9101
9103
9108
9109
9109
9111
9111
9111
9113
9116
9116
9116
9117
9117
9120
9120
9120
9123
9124
9125
9129
9129
9131
9131
9132
9135
9135
9135
9136
9137
9139
9139
9139
9141
9141
9143
9148
9149
9151
9154
9155
9155
9157
9157
9160
9162
9163
9164
9165
9165
9166
9166
9170
9171
9172
9172
9172
9173
9174
9174
9175
9175
9177
9177
9177
9180
9180
9180
9181
9182
9182
9182
9183
9183
9183
9183
9187
9188
9189
9190
9190
9191
9192
9192
9193
9193
9193
9194
9194
9194
9195
9195
9196
9199
9199
9201
9201
9201
9201
9202
9202
9203
9207
9208
9209
9209
9209
9210
9211
9212
9212
9212
9214
9214
9218
9218
9221
9222
9222
9222
9223
9224
9230
9231
9233
9233
9233
9234
9234
9235
9238
9240
9240
9242
9244
9246
9249
9251
9251
9252
9253
9253
9253
9254
9254
9255
9256
9257
9260
9262
9262
9262
9263
9268
9270
9270
9271
9273
9276
9277
9277
9277
9278
9280
9280
9282
9284
9284
9284
9285
9287
9287
9287
9288
9288
9289
9290
9291
9292
9294
9294
9295
9295
9296
9296
9296
9297
9299
9299
9301
9302
9302
9302
9304
9305
9305
9308
9308
9308
9310
9310
9312
9313
9315
9315
9316
9319
9321
9321
9325
9326
9326
9327
9327
9327
9328
9328
9332
9332
9332
9332
9332
9333
9333
9334
9336
9336
9337
9337
9337
9337
9340
9340
9341
9343
9343
9343
9343
9344
9344
9345
9347
9353
9354
9354
9356
9356
9357
9357
9358
9359
9359
9359
9360
9361
9364
9364
9364
9366
9366
9369
9369
9369
9370
9370
9370
9371
9373
9373
9373
9374
9375
9378
9379
9379
9380
9381
9382
9383
9383
9384
9384
9385
9385
9387
9388
9391
9391
9392
9395
9395
9395
9396
9396
9396
9396
9398
9400
9402
9405
9405
9405
9407
9407
9408
9408
9410
9410
9411
9412
9413
9413
9413
9416
9416
9417
9417
9418
9418
9419
9420
9421
9421
9422
9423
9424
9426
9427
9427
9428
9432
9432
9434
9434
9434
9436
9436
9437
9438
9439
9439
9442
9442
9442
9446
9446
9447
9449
9449
9450
9450
9452
9452
9453
9453
9455
9456
9456
9458
9458
9458
9459
9459
9460
9461
9461
9461
9462
9464
9464
9466
9466
9468
9469
9469
9470
9471
9472
9472
9472
9472
9477
9479
9480
9482
9482
9482
9483
9484
9486
9486
9487
9488
9489
9491
9492
9492
9492
9493
9495
9495
9495
9496
9496
9496
9497
9498
9500
9500
9501
9501
9502
9505
9505
9505
9506
9508
9509
9510
9511
9511
9512
9513
9516
9518
9520
9521
9521
9521
9523
9525
9525
9525
9527
9528
9529
9529
9529
9530
9530
9535
9535
9536
9537
9537
9539
9539
9540
9541
9542
9545
9546
9547
9547
9547
9550
9550
9550
9552
9552
9553
9553
9555
9556
9557
9559
9561
9561
9561
9562
9562
9564
9565
9566
9567
9568
9571
9571
9572
9573
9573
9574
9574
9575
9576
9577
9578
9581
9581
9583
9583
9585
9586
9587
9590
9591
9591
9593
9593
9593
9595
9598
9599
9602
9603
9603
9604
9604
9605
9605
9606
9609
9609
9609
9612
9612
9613
9613
9613
9614
9614
9615
9616
9618
9621
9623
9623
9625
9625
9625
9627
9627
9630
9632
9633
9633
9633
9634
9634
9635
9635
9639
9640
9641
9641
9641
9642
9642
9642
9646
9646
9648
9651
9651
9652
9654
9654
9654
9654
9656
9656
9657
9657
9660
9661
9663
9666
9666
9667
9667
9671
9671
9671
9673
9674
9674
9675
9676
9677
9680
9682
9687
9687
9687
9692
9693
9695
9695
9695
9697
9697
9697
9699
9702
9704
9705
9706
9706
9707
9707
9711
9711
9711
9712
9712
9712
9712
9719
9720
9720
9720
9721
9722
9724
9724
9724
9725
9726
9727
9728
9729
9730
9733
9733
9734
9734
9734
9737
9737
9741
9743
9744
9744
9744
9745
9747
9747
9748
9749
9750
9751
9751
9752
9754
9754
9755
9756
9758
9758
9758
9761
9762
9763
9763
9764
9766
9767
9769
9770
9771
9773
9774
9774
9776
9777
9778
9779
9780
9782
9782
9785
9785
9787
9788
9789
9790
9790
9790
9792
9792
9792
9794
9794
9794
9795
9796
9798
9798
9799
9800
9801
9802
9804
9805
9805
9810
9810
9810
9814
9816
9816
9816
9817
9817
9817
9819
9821
9822
9822
9823
9825
9827
9828
9828
9829
9830
9833
9833
9834
9834
9835
9836
9837
9838
9838
9838
9839
9839
9840
9840
9840
9841
9841
9842
9842
9844
9844
9847
9848
9848
9848
9851
9852
9852
9854
9858
9858
9858
9858
9859
9861
9866
9866
9867
9867
9868
9869
9871
9873
9873
9874
9876
9877
9878
9879
9880
9881
9882
9882
9882
9883
9884
9885
9886
9886
9887
9890
9891
9892
9892
9892
9893
9896
9896
9896
9897
9899
9900
9901
9901
9902
9903
9904
9906
9906
9906
9906
9906
9906
9907
9907
9910
9910
9911
9911
9915
9915
9916
9916
9918
9919
9922
9922
9923
9925
9926
9927
9927
9929
9930
9930
9931
9931
9933
9934
9934
9934
9935
9936
9936
9939
9940
9940
9942
9942
9942
9942
9943
9943
9944
9944
9948
9948
9950
9952
9953
9954
9956
9959
9961
9962
9964
9964
9965
9965
9966
9969
9969
9969
9972
9973
9973
9975
9975
9975
9977
9981
9982
9985
9986
9986
9987
9988
9989
9990
9991
9992
9992
9993
9993
9993
9994
9996
9997
9997
9998
