1
2
3
3
4
7
9
10
11
13
14
15
15
17
18
18
19
20
21
23
24
25
28
29
29
31
31
35
35
37
38
39
39
40
41
41
42
45
47
47
50
51
51
52
53
54
54
55
56
58
58
60
61
64
64
65
67
69
70
71
72
73
74
75
75
75
78
78
84
86
87
87
88
89
89
90
93
93
94
96
98
101
102
102
102
103
104
104
105
105
105
107
110
110
111
111
112
115
120
121
122
123
130
130
131
133
135
136
137
139
139
139
140
141
142
143
144
145
146
147
148
149
154
154
155
157
157
160
161
162
164
164
169
169
171
171
176
177
178
179
180
181
182
183
184
185
186
187
187
188
188
191
191
192
193
193
193
193
194
195
195
196
197
198
198
199
200
200
200
201
203
206
207
208
209
211
211
212
213
213
214
214
215
217
217
217
218
220
224
224
225
225
225
227
228
228
228
228
228
229
230
232
234
234
237
238
240
242
242
243
243
244
245
247
247
247
249
251
252
254
257
259
263
264
266
267
267
268
268
269
270
271
272
272
273
274
275
275
276
276
277
278
278
279
279
279
284
285
285
285
287
290
291
292
292
296
296
297
298
299
299
300
301
301
302
303
305
306
307
307
308
308
309
309
310
311
311
314
317
318
319
319
320
325
326
327
328
332
333
334
334
335
335
336
336
337
337
337
337
338
339
339
340
342
344
345
345
345
346
346
346
347
347
348
348
349
351
353
353
354
358
358
359
364
364
368
370
372
372
375
375
376
377
378
380
381
382
383
385
388
389
391
393
394
394
396
400
402
404
409
412
414
416
417
418
418
419
419
420
421
421
421
421
422
425
427
430
430
430
433
433
435
436
436
436
437
437
437
439
440
440
441
443
447
447
447
448
448
452
452
453
455
456
456
457
458
461
463
464
466
467
467
469
469
470
471
471
473
474
474
475
476
477
477
477
478
482
482
483
484
484
484
484
485
486
487
489
490
491
492
493
493
497
498
498
501
501
502
502
503
503
504
505
505
506
507
507
508
508
508
509
511
512
513
513
514
514
517
517
517
518
519
520
522
522
522
522
523
524
526
526
527
528
529
532
533
536
537
538
538
539
539
540
540
540
544
545
546
547
547
549
551
552
552
553
555
555
557
558
561
561
564
565
565
567
569
571
571
574
574
574
575
576
579
579
580
582
584
585
588
590
591
591
591
597
597
598
601
601
602
603
606
607
608
608
609
609
612
612
612
612
612
613
613
613
613
615
617
618
619
619
622
623
623
624
624
625
625
627
627
629
629
630
632
634
634
635
635
636
638
638
640
641
641
641
641
642
643
643
644
645
645
646
647
647
648
649
649
650
651
654
654
654
655
656
659
659
661
662
663
663
664
666
666
666
667
668
670
673
675
675
676
676
677
678
679
680
681
682
684
684
687
687
688
689
690
690
691
691
692
695
696
697
699
701
702
704
704
704
706
706
707
711
711
712
712
714
714
715
716
719
719
719
722
722
724
724
726
731
734
735
737
737
738
739
740
740
741
742
742
746
747
748
748
749
749
752
754
754
754
755
762
764
764
764
765
767
767
768
771
771
772
772
774
775
776
776
776
777
777
777
778
778
778
778
780
781
783
783
784
786
787
787
788
789
790
791
793
794
794
797
798
800
801
802
803
804
805
805
805
806
807
808
808
808
808
810
810
811
811
812
812
813
813
815
817
818
819
819
819
819
822
822
826
826
827
829
830
830
830
831
833
833
833
834
835
835
839
839
841
842
846
846
847
849
849
851
851
852
853
854
854
854
855
856
859
860
860
862
863
863
863
864
864
865
866
866
870
870
871
871
872
873
874
875
876
876
876
879
879
880
880
881
883
884
885
885
886
886
886
889
889
890
890
890
890
891
891
893
898
899
899
901
902
905
905
906
907
909
910
911
911
911
913
913
914
914
915
917
917
918
918
918
918
922
923
923
924
925
925
926
929
931
932
933
936
937
937
938
939
939
940
940
944
946
947
948
948
948
949
949
949
951
952
952
953
953
954
955
956
956
957
958
958
960
962
964
964
964
964
965
965
966
966
967
967
969
971
972
972
973
974
974
975
976
977
978
979
980
980
980
981
982
983
983
983
984
984
985
986
986
986
989
991
991
991
993
993
995
995
996
997
998
999
999
999
999
999
1000
1000
1002
1002
1003
1004
1005
1006
1009
1010
1011
1012
1013
1014
1014
1016
1018
1020
1022
1024
1025
1025
1025
1026
1027
1030
1030
1031
1031
1035
1036
1036
1037
1037
1038
1039
1044
1045
1045
1045
1045
1047
1050
1051
1051
1051
1052
1052
1054
1055
1055
1056
1056
1057
1057
1057
1060
1060
1060
1061
1061
1063
1064
1064
1066
1067
1070
1070
1071
1072
1072
1073
1074
1076
1078
1079
1081
1082
1082
1082
1082
1085
1086
1087
1088
1089
1089
1089
1091
1091
1092
1093
1093
1094
1094
1094
1095
1099
1099
1099
1102
1103
1104
1105
1106
1106
1108
1109
1111
1111
1111
1112
1112
1113
1113
1114
1114
1116
1117
1117
1117
1117
1118
1119
1121
1123
1124
1127
1127
1129
1130
1130
1131
1131
1132
1133
1135
1136
1138
1138
1140
1140
1141
1143
1144
1146
1148
1149
1150
1151
1152
1153
1153
1154
1155
1155
1156
1158
1159
1160
1161
1162
1163
1163
1165
1166
1166
1168
1169
1169
1169
1170
1170
1172
1174
1174
1176
1176
1178
1178
1181
1181
1182
1183
1183
1185
1186
1186
1187
1188
1188
1188
1190
1190
1191
1191
1192
1192
1199
1199
1200
1200
1202
1202
1202
1203
1204
1204
1204
1205
1205
1206
1207
1208
1208
1209
1209
1210
1210
1211
1212
1212
1212
1212
1213
1214
1215
1215
1216
1216
1217
1218
1221
1221
1221
1222
1224
1224
1225
1226
1227
1228
1229
1229
1232
1233
1233
1236
1236
1237
1239
1239
1240
1241
1244
1246
1246
1248
1248
1249
1249
1249
1249
1250
1251
1251
1252
1252
1252
1253
1254
1256
1256
1257
1257
1258
1259
1260
1262
1264
1265
1265
1265
1266
1266
1268
1269
1271
1271
1272
1272
1272
1272
1274
1276
1279
1279
1279
1279
1279
1282
1284
1284
1285
1285
1287
1287
1287
1288
1291
1294
1296
1300
1300
1301
1301
1303
1303
1305
1306
1310
1311
1312
1314
1315
1317
1320
1321
1321
1322
1322
1323
1324
1325
1326
1327
1327
1328
1330
1331
1332
1332
1333
1333
1333
1334
1334
1334
1334
1334
1335
1337
1337
1337
1338
1339
1339
1339
1340
1340
1340
1341
1342
1343
1343
1344
1345
1345
1346
1347
1347
1348
1348
1348
1350
1351
1351
1353
1354
1355
1355
1356
1356
1357
1358
1359
1366
1367
1367
1369
1369
1370
1370
1371
1371
1373
1374
1374
1374
1375
1375
1376
1378
1379
1380
1381
1381
1382
1385
1385
1386
1386
1387
1387
1387
1388
1389
1390
1390
1392
1392
1393
1395
1395
1397
1398
1398
1398
1398
1399
1399
1402
1402
1404
1405
1405
1405
1405
1406
1407
1408
1410
1412
1412
1414
1415
1415
1415
1417
1417
1417
1417
1418
1419
1419
1420
1421
1421
1421
1422
1423
1425
1426
1427
1427
1428
1430
1431
1436
1437
1438
1439
1439
1440
1440
1441
1442
1442
1442
1443
1446
1447
1447
1448
1449
1449
1451
1451
1452
1452
1452
1454
1454
1454
1454
1458
1458
1460
1462
1464
1465
1467
1468
1469
1470
1471
1472
1472
1473
1474
1475
1475
1476
1476
1480
1480
1482
1482
1484
1484
1485
1486
1486
1489
1489
1489
1492
1492
1493
1495
1497
1498
1498
1499
1499
1499
1500
1500
1500
1501
1502
1502
1503
1503
1504
1505
1506
1506
1508
1508
1508
1511
1512
1512
1514
1515
1516
1517
1518
1519
1519
1520
1520
1522
1524
1528
1529
1530
1530
1530
1532
1533
1533
1534
1534
1534
1535
1535
1535
1536
1537
1541
1541
1542
1545
1546
1546
1549
1550
1551
1551
1552
1552
1552
1553
1553
1555
1556
1556
1568
1568
1570
1570
1570
1571
1571
1572
1575
1577
1579
1579
1581
1582
1582
1582
1582
1582
1586
1587
1587
1588
1588
1589
1589
1590
1592
1593
1593
1593
1599
1603
1604
1604
1605
1605
1606
1607
1607
1608
1608
1610
1611
1612
1612
1613
1613
1614
1616
1616
1617
1618
1618
1619
1619
1620
1625
1625
1627
1629
1632
1632
1633
1635
1636
1638
1640
1641
1641
1642
1643
1645
1645
1646
1647
1649
1649
1649
1651
1651
1652
1653
1654
1656
1658
1659
1660
1663
1663
1664
1665
1665
1665
1666
1668
1669
1673
1676
1677
1677
1678
1679
1681
1681
1682
1683
1684
1684
1684
1685
1686
1688
1689
1690
1690
1690
1691
1693
1693
1693
1693
1693
1695
1695
1696
1698
1698
1701
1703
1705
1707
1708
1709
1711
1711
1714
1714
1714
1714
1715
1715
1716
1717
1717
1719
1721
1722
1722
1723
1723
1724
1725
1727
1728
1729
1732
1732
1732
1733
1733
1733
1734
1735
1736
1738
1738
1739
1740
1741
1742
1742
1744
1744
1748
1749
1750
1751
1751
1751
1752
1752
1753
1753
1755
1757
1757
1757
1757
1757
1758
1758
1759
1759
1759
1759
1759
1759
1759
1761
1763
1763
1766
1767
1767
1767
1768
1769
1770
1770
1770
1771
1771
1771
1772
1772
1773
1773
1773
1774
1774
1774
1775
1776
1778
1779
1780
1780
1782
1784
1784
1785
1786
1786
1788
1788
1789
1794
1796
1798
1799
1799
1799
1800
1801
1804
1806
1807
1807
1808
1810
1810
1811
1812
1813
1813
1816
1818
1818
1819
1820
1821
1821
1822
1824
1825
1826
1829
1830
1830
1832
1832
1833
1835
1837
1837
1839
1840
1841
1844
1844
1844
1844
1845
1845
1845
1847
1847
1848
1848
1849
1849
1849
1852
1853
1854
1854
1857
1857
1858
1858
1859
1859
1861
1863
1864
1864
1868
1869
1870
1872
1874
1874
1874
1875
1878
1879
1880
1880
1881
1883
1883
1884
1884
1886
1886
1886
1886
1886
1887
1888
1889
1889
1889
1889
1890
1891
1893
1893
1896
1898
1899
1900
1900
1901
1903
1904
1904
1905
1905
1906
1906
1906
1908
1908
1909
1912
1914
1915
1915
1915
1917
1923
1924
1925
1925
1925
1925
1925
1927
1927
1929
1930
1931
1931
1931
1933
1933
1933
1934
1937
1938
1938
1938
1938
1938
1939
1940
1941
1942
1942
1943
1944
1945
1946
1946
1950
1951
1953
1954
1955
1956
1956
1957
1958
1959
1960
1961
1962
1964
1967
1969
1970
1971
1972
1974
1974
1975
1978
1978
1978
1979
1981
1982
1982
1982
1983
1983
1985
1985
1986
1987
1988
1990
1991
1993
1994
1994
1995
1996
1996
1998
2001
2001
2002
2002
2003
2003
2004
2005
2008
2009
2010
2010
2011
2013
2015
2016
2016
2016
2017
2020
2020
2023
2023
2024
2026
2026
2028
2029
2030
2031
2033
2034
2035
2036
2036
2036
2036
2036
2038
2039
2041
2041
2042
2043
2044
2045
2047
2047
2050
2050
2052
2053
2053
2055
2056
2057
2057
2057
2057
2058
2059
2059
2059
2059
2060
2061
2061
2064
2064
2064
2066
2067
2067
2070
2071
2071
2071
2074
2074
2077
2077
2078
2078
2080
2082
2082
2082
2083
2084
2085
2086
2087
2087
2090
2090
2091
2092
2092
2093
2093
2095
2095
2096
2098
2098
2098
2098
2099
2099
2100
2100
2100
2103
2106
2107
2108
2108
2110
2111
2112
2112
2112
2113
2114
2117
2117
2119
2120
2121
2122
2124
2125
2125
2126
2127
2128
2128
2128
2128
2129
2129
2130
2133
2135
2137
2138
2139
2140
2140
2142
2142
2144
2144
2145
2145
2146
2146
2147
2149
2150
2150
2151
2153
2154
2154
2154
2154
2156
2156
2157
2157
2157
2162
2162
2162
2163
2164
2165
2166
2166
2168
2169
2170
2170
2172
2175
2175
2176
2176
2176
2176
2176
2177
2179
2180
2180
2181
2183
2184
2188
2189
2189
2189
2190
2191
2191
2192
2193
2196
2197
2197
2198
2199
2200
2201
2201
2203
2203
2204
2207
2207
2208
2208
2209
2210
2212
2212
2213
2213
2214
2218
2218
2218
2219
2220
2221
2222
2222
2226
2226
2226
2226
2229
2231
2231
2235
2236
2236
2237
2238
2240
2240
2241
2242
2244
2244
2246
2247
2247
2247
2248
2252
2253
2257
2257
2257
2258
2259
2259
2261
2261
2262
2263
2264
2266
2266
2266
2269
2269
2270
2270
2273
2274
2274
2277
2277
2279
2283
2284
2284
2284
2284
2286
2288
2292
2292
2294
2294
2296
2296
2297
2299
2300
2300
2301
2304
2304
2304
2305
2307
2307
2307
2308
2308
2308
2309
2311
2311
2312
2313
2314
2314
2315
2316
2317
2317
2317
2320
2320
2321
2323
2324
2324
2326
2327
2328
2328
2329
2330
2332
2332
2333
2335
2337
2337
2339
2340
2343
2343
2345
2346
2348
2348
2351
2351
2352
2352
2353
2353
2354
2354
2355
2355
2357
2357
2359
2359
2361
2362
2362
2363
2363
2365
2365
2370
2371
2372
2374
2374
2375
2376
2377
2377
2377
2380
2381
2381
2382
2382
2383
2385
2385
2387
2388
2389
2389
2389
2389
2392
2392
2393
2393
2394
2394
2394
2395
2397
2398
2398
2399
2404
2405
2406
2407
2407
2410
2410
2410
2411
2411
2413
2414
2416
2416
2418
2418
2419
2419
2420
2421
2424
2425
2426
2427
2427
2429
2429
2430
2430
2431
2433
2434
2436
2436
2437
2437
2438
2440
2440
2440
2440
2444
2447
2448
2450
2453
2454
2455
2456
2457
2457
2461
2462
2462
2463
2463
2463
2464
2465
2465
2466
2467
2468
2468
2470
2475
2476
2477
2478
2478
2478
2478
2482
2484
2484
2485
2485
2485
2487
2487
2488
2491
2492
2493
2493
2493
2494
2497
2499
2499
2501
2501
2503
2503
2504
2505
2505
2506
2506
2507
2512
2515
2516
2516
2517
2517
2518
2519
2519
2520
2521
2521
2522
2523
2525
2527
2528
2530
2530
2530
2531
2531
2534
2535
2535
2536
2537
2539
2539
2540
2541
2544
2545
2545
2546
2547
2548
2549
2551
2551
2555
2556
2557
2559
2559
2560
2561
2561
2562
2564
2565
2566
2569
2570
2571
2572
2573
2574
2575
2576
2576
2577
2577
2578
2579
2579
2581
2581
2582
2582
2582
2582
2583
2584
2585
2585
2586
2586
2587
2588
2590
2590
2592
2593
2596
2597
2598
2599
2602
2603
2604
2605
2605
2605
2606
2606
2609
2611
2611
2611
2611
2613
2614
2614
2619
2620
2621
2622
2624
2625
2625
2627
2628
2628
2628
2629
2632
2632
2633
2635
2638
2639
2640
2642
2643
2645
2645
2648
2649
2651
2651
2651
2653
2654
2655
2659
2660
2662
2663
2663
2666
2667
2667
2667
2668
2669
2671
2672
2672
2672
2672
2672
2674
2676
2679
2681
2681
2683
2685
2685
2687
2688
2689
2690
2690
2691
2692
2695
2695
2697
2699
2701
2701
2702
2702
2703
2704
2706
2706
2708
2710
2711
2712
2713
2713
2713
2714
2716
2716
2718
2720
2720
2721
2721
2721
2723
2724
2725
2725
2726
2728
2729
2729
2730
2730
2731
2731
2731
2732
2732
2733
2734
2735
2735
2737
2737
2739
2740
2740
2741
2742
2744
2744
2744
2746
2746
2747
2747
2748
2749
2750
2750
2751
2752
2752
2753
2753
2753
2753
2754
2754
2754
2758
2759
2761
2761
2764
2766
2767
2769
2769
2770
2770
2771
2774
2774
2774
2774
2776
2776
2780
2780
2780
2782
2782
2783
2783
2783
2783
2785
2786
2786
2787
2788
2788
2788
2789
2789
2789
2790
2791
2791
2795
2795
2796
2797
2801
2801
2801
2802
2803
2803
2804
2805
2808
2809
2809
2811
2811
2812
2813
2814
2814
2815
2818
2818
2819
2819
2820
2821
2821
2822
2824
2825
2825
2826
2826
2826
2827
2830
2830
2831
2832
2832
2833
2833
2834
2835
2835
2837
2839
2839
2839
2841
2842
2842
2843
2844
2847
2847
2847
2848
2848
2851
2852
2852
2856
2857
2858
2858
2860
2861
2862
2863
2864
2864
2864
2865
2866
2866
2871
2872
2872
2873
2874
2874
2875
2875
2875
2878
2881
2882
2883
2883
2883
2884
2885
2886
2886
2887
2888
2888
2888
2888
2890
2890
2892
2896
2897
2901
2905
2905
2906
2909
2909
2909
2909
2909
2910
2911
2912
2913
2916
2917
2917
2918
2918
2918
2918
2920
2921
2921
2925
2926
2926
2927
2927
2928
2928
2928
2931
2932
2932
2933
2934
2934
2934
2935
2935
2939
2940
2940
2941
2942
2943
2947
2948
2948
2949
2949
2950
2951
2953
2953
2954
2956
2956
2957
2959
2960
2960
2962
2962
2964
2964
2965
2966
2967
2968
2968
2968
2968
2969
2973
2974
2974
2974
2977
2978
2980
2982
2983
2984
2984
2985
2988
2990
2991
2992
2993
2993
2993
2997
2998
2999
2999
3002
3003
3003
3004
3006
3007
3009
3011
3011
3013
3013
3014
3015
3016
3017
3018
3018
3022
3022
3022
3025
3026
3026
3027
3027
3027
3027
3028
3030
3034
3036
3037
3037
3038
3038
3040
3040
3041
3042
3042
3042
3042
3043
3046
3047
3050
3051
3051
3052
3053
3054
3057
3057
3058
3058
3058
3059
3061
3062
3062
3063
3064
3071
3071
3071
3073
3074
3075
3076
3076
3077
3078
3078
3078
3079
3079
3081
3081
3081
3082
3086
3088
3088
3088
3089
3089
3090
3091
3091
3092
3095
3096
3098
3100
3103
3103
3105
3109
3110
3110
3112
3112
3112
3113
3116
3116
3117
3117
3120
3120
3121
3122
3123
3124
3125
3126
3126
3127
3128
3129
3130
3131
3131
3131
3132
3133
3134
3134
3134
3134
3134
3135
3135
3135
3136
3137
3137
3139
3139
3142
3142
3143
3145
3145
3145
3145
3150
3150
3151
3152
3154
3154
3155
3156
3157
3157
3158
3158
3159
3160
3160
3160
3163
3163
3163
3164
3164
3167
3168
3168
3168
3168
3170
3172
3173
3174
3176
3177
3178
3179
3180
3181
3181
3181
3182
3182
3182
3183
3185
3185
3187
3187
3188
3188
3189
3190
3192
3193
3194
3195
3197
3197
3199
3199
3201
3201
3201
3203
3204
3204
3204
3206
3207
3207
3208
3208
3208
3210
3210
3211
3213
3213
3213
3215
3216
3216
3217
3217
3218
3220
3220
3220
3221
3221
3222
3223
3225
3225
3225
3226
3228
3228
3230
3230
3230
3231
3232
3235
3236
3236
3237
3239
3240
3241
3241
3241
3242
3243
3244
3244
3244
3246
3256
3256
3257
3257
3257
3261
3261
3262
3262
3263
3263
3264
3267
3268
3268
3268
3269
3270
3270
3270
3271
3272
3274
3275
3275
3276
3277
3278
3279
3280
3280
3281
3282
3283
3283
3284
3284
3286
3288
3289
3289
3290
3292
3293
3293
3294
3295
3296
3298
3299
3299
3300
3302
3302
3303
3304
3304
3305
3306
3306
3307
3307
3311
3312
3312
3314
3314
3318
3318
3319
3320
3320
3321
3321
3322
3323
3324
3326
3327
3327
3327
3328
3329
3329
3331
3332
3332
3333
3333
3333
3334
3335
3335
3335
3336
3336
3336
3336
3337
3339
3343
3344
3345
3345
3345
3345
3348
3348
3349
3349
3350
3351
3351
3351
3351
3352
3352
3353
3354
3354
3355
3356
3356
3358
3359
3360
3361
3362
3364
3365
3366
3366
3372
3372
3374
3375
3375
3376
3376
3377
3381
3383
3383
3383
3383
3384
3384
3385
3385
3386
3389
3390
3391
3392
3393
3393
3393
3393
3394
3395
3396
3396
3397
3401
3402
3404
3404
3404
3404
3405
3407
3407
3409
3412
3412
3413
3413
3414
3414
3415
3418
3419
3419
3420
3422
3422
3422
3422
3422
3422
3423
3423
3425
3425
3426
3427
3427
3427
3428
3430
3432
3434
3437
3437
3438
3438
3442
3443
3444
3447
3447
3448
3448
3449
3450
3451
3452
3453
3454
3455
3456
3459
3466
3466
3467
3467
3467
3467
3469
3469
3470
3471
3471
3473
3474
3475
3476
3478
3487
3487
3488
3489
3490
3492
3493
3493
3494
3495
3498
3499
3499
3502
3503
3506
3508
3508
3508
3509
3509
3509
3511
3511
3513
3513
3515
3518
3519
3522
3524
3525
3526
3527
3528
3530
3531
3534
3535
3535
3535
3535
3537
3538
3540
3543
3543
3543
3546
3547
3548
3548
3550
3551
3551
3553
3556
3556
3560
3561
3561
3565
3567
3567
3568
3572
3572
3572
3573
3576
3576
3576
3578
3578
3579
3580
3580
3580
3580
3581
3581
3582
3584
3584
3585
3587
3588
3589
3591
3592
3594
3594
3594
3596
3597
3597
3597
3598
3599
3599
3600
3601
3601
3601
3603
3603
3604
3607
3609
3610
3610
3611
3611
3613
3615
3618
3619
3620
3623
3625
3627
3628
3628
3629
3630
3630
3631
3631
3632
3635
3636
3636
3637
3643
3643
3648
3648
3648
3649
3650
3650
3651
3652
3654
3655
3655
3655
3656
3659
3660
3661
3661
3662
3663
3663
3663
3664
3666
3666
3667
3667
3668
3668
3668
3668
3669
3669
3672
3675
3675
3676
3677
3680
3680
3683
3683
3684
3684
3684
3685
3685
3689
3690
3690
3690
3691
3693
3694
3694
3696
3696
3696
3696
3698
3698
3698
3699
3704
3704
3705
3705
3706
3708
3709
3714
3714
3715
3715
3715
3716
3717
3718
3719
3721
3722
3724
3725
3725
3726
3726
3726
3728
3729
3730
3733
3733
3733
3734
3734
3742
3745
3745
3746
3748
3748
3749
3750
3751
3751
3753
3754
3756
3758
3758
3759
3760
3760
3761
3762
3762
3763
3765
3766
3766
3768
3768
3769
3769
3770
3770
3771
3771
3771
3772
3773
3778
3778
3780
3781
3783
3784
3785
3788
3788
3790
3790
3792
3793
3793
3794
3794
3795
3796
3796
3797
3798
3803
3808
3809
3811
3812
3813
3814
3814
3815
3815
3815
3817
3818
3820
3820
3823
3823
3824
3824
3825
3830
3831
3831
3833
3834
3834
3834
3836
3837
3837
3838
3838
3841
3842
3842
3842
3844
3844
3846
3848
3849
3852
3854
3854
3857
3858
3858
3859
3860
3862
3863
3863
3864
3864
3864
3865
3865
3865
3870
3870
3871
3872
3873
3874
3874
3875
3876
3876
3877
3877
3878
3878
3879
3881
3882
3883
3883
3884
3885
3885
3886
3887
3888
3890
3890
3891
3891
3892
3892
3892
3892
3893
3893
3894
3895
3895
3896
3896
3897
3900
3903
3904
3904
3905
3906
3906
3907
3907
3911
3911
3913
3915
3915
3916
3917
3917
3917
3918
3918
3920
3920
3921
3924
3924
3928
3929
3931
3931
3932
3932
3933
3935
3938
3942
3942
3942
3944
3945
3946
3946
3949
3949
3949
3951
3952
3954
3957
3959
3961
3962
3962
3964
3965
3967
3967
3968
3970
3970
3970
3971
3972
3973
3973
3973
3973
3976
3979
3979
3979
3981
3981
3981
3982
3982
3983
3985
3985
3986
3987
3987
3988
3989
3989
3989
3991
3992
3992
3993
3994
3995
3996
3996
3998
4000
4000
4000
4002
4002
4002
4003
4004
4006
4006
4007
4011
4012
4012
4012
4015
4015
4016
4016
4016
4017
4017
4018
4019
4021
4022
4026
4028
4029
4030
4033
4035
4039
4039
4040
4042
4043
4044
4045
4045
4046
4047
4048
4049
4049
4049
4050
4050
4050
4051
4051
4053
4054
4055
4055
4055
4055
4057
4057
4057
4059
4060
4061
4063
4063
4063
4063
4064
4064
4064
4066
4066
4066
4066
4068
4070
4072
4072
4073
4074
4074
4075
4075
4076
4079
4079
4080
4081
4082
4082
4082
4082
4084
4084
4084
4085
4086
4088
4088
4089
4090
4091
4091
4091
4091
4094
4096
4097
4097
4097
4098
4099
4099
4101
4102
4104
4105
4107
4107
4109
4109
4109
4110
4111
4111
4113
4114
4115
4116
4116
4117
4117
4118
4118
4118
4118
4120
4120
4121
4121
4122
4124
4124
4124
4124
4125
4125
4125
4127
4130
4131
4131
4131
4137
4137
4137
4138
4138
4139
4140
4140
4143
4143
4144
4144
4145
4146
4148
4149
4150
4151
4151
4152
4154
4154
4155
4156
4156
4157
4157
4159
4160
4160
4162
4162
4163
4163
4164
4165
4165
4168
4170
4170
4172
4173
4174
4174
4174
4176
4176
4177
4177
4178
4178
4179
4181
4182
4182
4182
4183
4184
4185
4186
4187
4190
4191
4191
4192
4193
4194
4195
4195
4196
4201
4203
4206
4207
4207
4209
4209
4212
4214
4216
4217
4218
4220
4220
4221
4222
4222
4222
4223
4225
4225
4227
4228
4228
4230
4230
4232
4233
4233
4235
4236
4237
4237
4238
4239
4240
4241
4241
4242
4244
4245
4245
4248
4249
4249
4249
4250
4253
4254
4254
4254
4257
4258
4258
4259
4259
4260
4260
4261
4264
4265
4266
4268
4268
4269
4272
4272
4276
4279
4280
4280
4281
4285
4286
4289
4291
4294
4294
4296
4296
4296
4297
4297
4298
4298
4300
4301
4301
4304
4304
4304
4305
4307
4308
4308
4310
4311
4312
4313
4313
4315
4315
4315
4316
4317
4320
4320
4321
4322
4323
4323
4326
4329
4329
4330
4331
4336
4337
4337
4337
4338
4338
4339
4340
4340
4341
4343
4343
4344
4344
4345
4346
4347
4349
4349
4351
4352
4353
4354
4355
4356
4356
4357
4357
4358
4358
4359
4360
4361
4362
4364
4364
4366
4367
4368
4368
4370
4370
4371
4371
4372
4372
4372
4373
4373
4374
4374
4375
4376
4376
4376
4376
4376
4377
4378
4378
4380
4380
4380
4383
4384
4384
4385
4388
4388
4389
4391
4393
4395
4396
4397
4398
4398
4399
4399
4400
4401
4408
4409
4410
4410
4411
4412
4415
4416
4417
4417
4417
4417
4424
4424
4425
4426
4427
4427
4427
4428
4428
4429
4430
4432
4434
4435
4436
4436
4440
4441
4442
4443
4445
4445
4447
4448
4450
4453
4453
4454
4455
4456
4456
4456
4456
4457
4457
4460
4460
4460
4461
4463
4463
4463
4464
4466
4467
4468
4468
4470
4471
4471
4472
4472
4473
4475
4477
4477
4481
4481
4481
4482
4482
4482
4483
4484
4484
4485
4486
4487
4487
4488
4488
4489
4490
4491
4492
4492
4494
4497
4497
4498
4500
4501
4503
4504
4505
4508
4509
4510
4511
4514
4515
4516
4516
4517
4517
4519
4520
4520
4524
4524
4524
4526
4529
4532
4533
4533
4534
4535
4536
4537
4537
4538
4539
4539
4540
4540
4541
4541
4542
4544
4544
4544
4546
4548
4549
4551
4552
4553
4555
4557
4558
4564
4566
4568
4571
4571
4571
4574
4575
4577
4578
4582
4584
4584
4585
4585
4585
4585
4586
4586
4587
4590
4592
4592
4594
4595
4595
4596
4596
4598
4598
4599
4600
4603
4604
4605
4606
4606
4606
4606
4607
4608
4609
4609
4609
4609
4609
4609
4611
4611
4613
4613
4613
4613
4614
4614
4614
4616
4616
4616
4616
4619
4619
4621
4621
4622
4623
4624
4625
4626
4627
4627
4628
4629
4633
4633
4635
4637
4638
4638
4639
4640
4641
4641
4642
4643
4644
4647
4648
4652
4652
4654
4655
4656
4661
4662
4663
4663
4664
4666
4666
4667
4669
4670
4670
4670
4673
4674
4674
4677
4677
4678
4678
4680
4681
4681
4681
4682
4683
4684
4685
4686
4686
4686
4686
4686
4687
4688
4689
4690
4691
4691
4692
4692
4694
4699
4699
4700
4701
4704
4704
4706
4707
4709
4709
4709
4711
4711
4714
4715
4716
4717
4718
4718
4719
4720
4721
4722
4725
4727
4729
4730
4731
4732
4733
4737
4739
4740
4742
4743
4748
4748
4750
4750
4751
4752
4753
4755
4755
4756
4758
4760
4760
4760
4765
4766
4766
4768
4768
4768
4768
4768
4769
4769
4771
4771
4772
4774
4774
4776
4777
4779
4779
4781
4783
4783
4783
4785
4787
4787
4787
4787
4788
4789
4790
4791
4792
4796
4797
4798
4798
4800
4803
4804
4804
4805
4805
4805
4805
4807
4808
4808
4810
4811
4812
4814
4814
4815
4817
4817
4817
4818
4818
4820
4822
4822
4823
4825
4825
4826
4828
4828
4828
4828
4829
4829
4829
4832
4833
4834
4834
4836
4836
4836
4838
4838
4838
4838
4838
4839
4839
4840
4840
4841
4842
4842
4842
4844
4845
4846
4846
4846
4848
4849
4850
4851
4851
4851
4854
4855
4855
4858
4859
4860
4861
4862
4862
4863
4864
4865
4866
4867
4867
4868
4869
4870
4871
4873
4875
4875
4876
4877
4877
4877
4878
4878
4880
4880
4881
4882
4882
4883
4884
4884
4884
4885
4885
4887
4888
4888
4889
4889
4889
4890
4891
4891
4892
4893
4896
4897
4898
4902
4906
4906
4906
4907
4910
4910
4911
4912
4912
4912
4914
4914
4914
4915
4917
4917
4917
4922
4923
4923
4923
4925
4925
4926
4928
4928
4928
4929
4929
4929
4929
4931
4932
4932
4933
4933
4934
4935
4935
4938
4938
4940
4941
4945
4946
4946
4947
4947
4947
4947
4951
4952
4952
4953
4953
4954
4955
4956
4956
4958
4964
4967
4967
4968
4969
4972
4972
4973
4974
4974
4974
4974
4975
4977
4978
4980
4981
4983
4985
4985
4986
4990
4990
4990
4991
4991
4992
4995
4997
4998
4998
5001
5002
5003
5004
5004
5005
5005
5009
5009
5009
5009
5009
5010
5010
5011
5018
5018
5019
5019
5021
5022
5024
5024
5025
5026
5028
5029
5030
5032
5033
5035
5036
5036
5037
5038
5038
5041
5041
5042
5042
5044
5044
5045
5046
5046
5046
5046
5046
5046
5051
5052
5053
5054
5054
5055
5056
5056
5057
5059
5059
5060
5062
5063
5064
5064
5065
5065
5067
5068
5069
5071
5071
5071
5072
5073
5073
5075
5075
5076
5076
5078
5078
5079
5079
5080
5081
5082
5084
5084
5089
5090
5091
5092
5092
5093
5094
5095
5095
5095
5099
5099
5100
5101
5101
5102
5102
5103
5105
5106
5106
5108
5109
5111
5111
5112
5112
5114
5114
5116
5116
5116
5118
5122
5122
5125
5125
5125
5125
5127
5128
5129
5129
5130
5131
5131
5133
5133
5134
5137
5139
5140
5140
5140
5140
5140
5141
5142
5144
5146
5146
5146
5147
5148
5148
5150
5150
5150
5151
5151
5152
5152
5156
5157
5157
5158
5158
5160
5160
5163
5165
5166
5167
5168
5168
5169
5170
5170
5174
5176
5176
5177
5178
5179
5179
5181
5181
5182
5183
5184
5185
5186
5188
5189
5189
5190
5191
5192
5192
5192
5193
5198
5201
5204
5204
5204
5205
5206
5206
5206
5208
5208
5208
5208
5209
5209
5210
5211
5213
5213
5213
5215
5216
5217
5218
5218
5218
5220
5220
5220
5222
5223
5225
5229
5229
5232
5233
5234
5234
5235
5235
5238
5238
5239
5239
5241
5242
5243
5243
5247
5250
5250
5251
5252
5252
5253
5253
5257
5258
5258
5259
5260
5262
5263
5264
5267
5267
5267
5267
5268
5268
5268
5268
5270
5272
5273
5274
5274
5275
5276
5278
5278
5281
5282
5283
5284
5285
5285
5286
5286
5288
5288
5288
5290
5290
5290
5292
5293
5293
5295
5296
5296
5300
5301
5302
5303
5303
5303
5307
5309
5310
5310
5310
5310
5311
5312
5312
5312
5312
5313
5317
5318
5320
5320
5321
5321
5323
5323
5327
5329
5332
5333
5335
5336
5336
5338
5340
5343
5344
5345
5345
5345
5346
5346
5346
5346
5347
5349
5350
5350
5352
5352
5352
5352
5353
5354
5354
5355
5355
5355
5356
5357
5358
5361
5361
5361
5362
5363
5364
5366
5366
5366
5369
5370
5372
5373
5374
5377
5377
5378
5378
5380
5380
5380
5382
5382
5383
5387
5391
5391
5395
5395
5400
5401
5402
5405
5405
5405
5405
5407
5407
5409
5410
5410
5410
5413
5413
5415
5415
5416
5417
5420
5422
5424
5424
5425
5426
5427
5428
5429
5429
5430
5431
5431
5431
5431
5432
5435
5435
5436
5439
5439
5440
5441
5442
5442
5442
5442
5443
5443
5446
5446
5447
5449
5449
5449
5450
5451
5452
5453
5454
5456
5457
5457
5458
5459
5460
5460
5461
5462
5462
5462
5464
5464
5465
5465
5467
5467
5468
5468
5469
5473
5477
5478
5481
5485
5485
5487
5487
5488
5488
5489
5492
5492
5494
5495
5495
5495
5496
5498
5501
5501
5502
5502
5505
5505
5507
5508
5509
5510
5511
5511
5511
5517
5518
5519
5520
5521
5521
5522
5523
5523
5523
5524
5525
5525
5532
5532
5533
5536
5536
5537
5539
5539
5539
5540
5540
5542
5542
5544
5544
5546
5547
5548
5549
5550
5550
5556
5558
5558
5560
5560
5560
5561
5562
5562
5563
5563
5564
5564
5565
5565
5566
5566
5568
5569
5569
5570
5570
5570
5571
5571
5572
5573
5573
5573
5574
5577
5577
5577
5580
5580
5580
5580
5582
5584
5584
5585
5585
5586
5587
5590
5590
5590
5592
5592
5592
5593
5594
5595
5595
5597
5597
5598
5600
5601
5601
5603
5604
5604
5607
5610
5612
5613
5615
5618
5619
5622
5622
5623
5623
5625
5626
5626
5628
5629
5629
5629
5629
5630
5630
5631
5633
5633
5635
5635
5635
5636
5637
5638
5640
5640
5646
5646
5647
5647
5648
5649
5649
5650
5654
5654
5655
5655
5655
5656
5657
5657
5658
5658
5658
5658
5659
5660
5660
5660
5660
5661
5661
5663
5664
5665
5668
5670
5670
5671
5671
5673
5673
5674
5674
5675
5676
5676
5677
5679
5679
5681
5681
5682
5685
5686
5689
5692
5692
5695
5695
5697
5699
5699
5700
5700
5701
5701
5701
5701
5702
5703
5706
5708
5710
5713
5716
5716
5717
5718
5721
5722
5724
5725
5726
5726
5727
5727
5728
5728
5728
5733
5735
5736
5737
5738
5738
5739
5742
5742
5742
5746
5747
5747
5750
5750
5750
5751
5751
5751
5751
5752
5755
5757
5757
5757
5758
5758
5760
5763
5764
5764
5767
5768
5768
5769
5769
5769
5771
5771
5772
5772
5773
5774
5775
5776
5780
5781
5782
5784
5785
5785
5786
5786
5787
5789
5792
5792
5794
5794
5794
5795
5795
5796
5797
5801
5802
5802
5803
5804
5804
5804
5805
5806
5807
5808
5811
5812
5812
5813
5815
5815
5816
5817
5819
5819
5823
5823
5824
5824
5827
5827
5828
5830
5830
5831
5836
5837
5839
5843
5843
5844
5844
5845
5847
5848
5848
5848
5853
5854
5854
5855
5855
5857
5857
5857
5857
5858
5858
5864
5866
5867
5867
5867
5868
5869
5872
5873
5873
5874
5875
5877
5877
5879
5879
5880
5880
5881
5883
5884
5885
5885
5886
5887
5890
5890
5892
5893
5894
5894
5895
5895
5896
5896
5897
5898
5900
5900
5902
5902
5906
5906
5907
5908
5908
5908
5909
5909
5909
5909
5910
5912
5913
5914
5914
5915
5921
5921
5923
5924
5925
5925
5928
5928
5930
5931
5931
5932
5932
5934
5936
5936
5937
5937
5937
5938
5938
5939
5940
5941
5942
5943
5945
5946
5946
5947
5948
5948
5948
5949
5950
5952
5952
5953
5954
5955
5955
5956
5956
5958
5958
5959
5962
5964
5964
5964
5967
5967
5967
5968
5968
5970
5970
5973
5975
5976
5980
5981
5982
5983
5985
5988
5989
5990
5990
5990
5991
5992
5993
5993
5995
5997
5998
6000
6000
6001
6003
6006
6007
6007
6008
6009
6011
6013
6014
6015
6015
6016
6021
6021
6023
6024
6024
6025
6025
6027
6032
6032
6033
6033
6034
6034
6035
6037
6040
6041
6041
6042
6042
6042
6043
6044
6047
6048
6048
6048
6050
6051
6052
6053
6053
6055
6059
6062
6062
6063
6066
6066
6066
6066
6067
6067
6072
6072
6074
6074
6075
6077
6077
6078
6078
6079
6080
6080
6081
6084
6089
6089
6089
6090
6092
6092
6096
6097
6098
6100
6101
6102
6102
6104
6104
6107
6108
6108
6108
6109
6110
6111
6112
6112
6113
6114
6116
6116
6117
6120
6120
6120
6121
6122
6122
6124
6124
6125
6125
6127
6127
6127
6127
6128
6128
6128
6129
6130
6131
6131
6132
6132
6132
6133
6133
6134
6135
6135
6137
6137
6139
6140
6141
6142
6142
6143
6144
6144
6145
6145
6147
6147
6148
6148
6150
6150
6150
6153
6154
6155
6155
6156
6157
6158
6159
6159
6162
6162
6162
6162
6165
6167
6168
6170
6170
6170
6171
6174
6175
6178
6179
6180
6181
6181
6182
6185
6186
6187
6189
6191
6191
6192
6192
6193
6194
6195
6196
6196
6196
6202
6203
6203
6204
6206
6206
6206
6207
6208
6208
6208
6209
6210
6211
6212
6213
6213
6213
6214
6214
6215
6215
6215
6216
6217
6219
6220
6222
6224
6225
6226
6226
6227
6228
6229
6230
6234
6234
6236
6237
6237
6240
6240
6240
6240
6240
6241
6242
6242
6244
6244
6245
6246
6247
6247
6248
6251
6253
6257
6257
6258
6259
6260
6261
6261
6263
6264
6264
6265
6266
6266
6266
6266
6269
6269
6269
6270
6270
6271
6272
6273
6273
6274
6274
6275
6278
6278
6279
6280
6280
6281
6281
6282
6282
6284
6285
6286
6288
6289
6290
6291
6292
6292
6293
6294
6294
6295
6298
6300
6301
6301
6301
6302
6305
6307
6307
6308
6308
6311
6312
6312
6313
6313
6314
6314
6315
6316
6317
6317
6318
6320
6320
6320
6321
6321
6322
6325
6325
6326
6327
6327
6327
6329
6331
6334
6334
6338
6338
6340
6340
6341
6343
6344
6345
6345
6347
6347
6348
6348
6349
6351
6351
6351
6351
6351
6351
6353
6353
6353
6354
6354
6355
6356
6357
6357
6358
6362
6364
6364
6365
6366
6369
6369
6369
6369
6370
6373
6373
6374
6375
6377
6378
6379
6380
6381
6381
6382
6384
6385
6386
6386
6387
6387
6387
6388
6388
6389
6390
6390
6391
6391
6391
6391
6392
6394
6395
6395
6396
6397
6398
6398
6399
6400
6400
6401
6402
6403
6403
6405
6405
6406
6407
6408
6410
6410
6411
6412
6413
6414
6415
6415
6417
6417
6418
6419
6419
6420
6421
6421
6424
6428
6430
6432
6432
6435
6435
6438
6438
6438
6438
6439
6439
6441
6442
6443
6445
6447
6447
6448
6448
6454
6455
6455
6456
6457
6459
6460
6462
6462
6462
6464
6467
6467
6469
6471
6473
6474
6474
6477
6477
6479
6481
6482
6485
6485
6486
6486
6488
6489
6489
6490
6491
6494
6494
6496
6497
6499
6499
6500
6501
6502
6505
6508
6510
6511
6512
6513
6514
6515
6516
6516
6517
6517
6518
6519
6520
6522
6524
6527
6528
6529
6530
6531
6535
6535
6535
6536
6540
6541
6542
6543
6547
6547
6548
6549
6550
6551
6552
6552
6553
6553
6555
6555
6556
6557
6557
6561
6563
6564
6565
6567
6571
6571
6572
6573
6573
6575
6576
6577
6577
6577
6579
6581
6582
6583
6587
6588
6588
6588
6588
6589
6590
6590
6591
6592
6592
6594
6595
6596
6600
6600
6602
6603
6604
6604
6605
6605
6606
6606
6607
6610
6610
6610
6612
6613
6613
6614
6614
6614
6615
6616
6617
6617
6618
6618
6619
6619
6619
6619
6621
6621
6622
6623
6625
6627
6627
6628
6628
6632
6633
6633
6633
6634
6634
6635
6640
6640
6643
6643
6645
6646
6648
6649
6651
6651
6653
6654
6655
6656
6657
6658
6658
6658
6659
6661
6662
6663
6663
6665
6666
6667
6668
6670
6671
6672
6675
6677
6679
6681
6681
6681
6682
6683
6685
6685
6686
6686
6687
6689
6689
6689
6690
6691
6692
6693
6695
6696
6696
6697
6698
6699
6699
6699
6700
6701
6703
6703
6704
6709
6710
6712
6713
6713
6713
6714
6714
6715
6715
6718
6718
6718
6719
6720
6722
6722
6722
6724
6725
6727
6728
6731
6732
6732
6733
6733
6734
6734
6735
6735
6736
6736
6738
6739
6739
6740
6741
6742
6742
6743
6743
6745
6746
6747
6747
6747
6747
6750
6751
6752
6752
6752
6753
6753
6753
6755
6755
6756
6756
6757
6757
6757
6758
6759
6759
6760
6760
6761
6761
6762
6763
6764
6764
6765
6766
6766
6768
6769
6771
6773
6776
6777
6778
6778
6779
6779
6779
6779
6782
6782
6783
6783
6784
6785
6786
6787
6787
6788
6791
6793
6794
6796
6799
6800
6802
6803
6804
6805
6805
6805
6805
6806
6806
6806
6807
6809
6811
6811
6813
6814
6814
6816
6816
6816
6816
6817
6819
6819
6820
6821
6822
6822
6823
6824
6825
6825
6826
6827
6828
6829
6832
6832
6832
6833
6834
6834
6834
6835
6836
6836
6837
6838
6839
6839
6840
6840
6841
6841
6842
6844
6848
6848
6850
6850
6850
6851
6851
6851
6853
6854
6855
6856
6857
6861
6863
6865
6865
6865
6866
6866
6867
6868
6868
6872
6873
6873
6875
6876
6878
6878
6879
6879
6880
6882
6885
6886
6886
6886
6887
6887
6888
6889
6891
6891
6892
6893
6893
6894
6896
6896
6896
6898
6898
6898
6900
6900
6902
6903
6905
6906
6906
6906
6908
6908
6909
6910
6910
6910
6911
6913
6914
6914
6916
6917
6917
6918
6919
6920
6920
6922
6923
6926
6926
6926
6927
6927
6928
6928
6929
6929
6931
6932
6934
6935
6935
6936
6939
6939
6943
6944
6944
6945
6946
6947
6948
6949
6949
6949
6950
6950
6950
6951
6953
6954
6954
6955
6955
6956
6957
6959
6959
6960
6963
6963
6966
6966
6967
6967
6970
6970
6970
6971
6972
6974
6976
6977
6977
6978
6980
6981
6981
6981
6982
6985
6986
6987
6987
6989
6990
6990
6993
6993
6995
6995
6995
6997
6998
6999
7000
7001
7001
7001
7005
7005
7007
7008
7008
7009
7009
7009
7009
7010
7010
7010
7011
7012
7012
7015
7016
7017
7017
7018
7018
7019
7022
7024
7024
7025
7027
7028
7029
7031
7031
7035
7035
7036
7036
7036
7037
7037
7039
7039
7040
7041
7043
7043
7046
7048
7048
7049
7052
7053
7053
7054
7054
7055
7055
7056
7058
7058
7059
7060
7062
7063
7063
7065
7065
7065
7067
7067
7069
7070
7070
7070
7072
7072
7073
7073
7073
7073
7075
7075
7076
7076
7076
7076
7077
7080
7080
7080
7081
7086
7088
7090
7090
7091
7094
7095
7095
7096
7098
7099
7099
7101
7102
7102
7103
7103
7105
7108
7108
7109
7109
7110
7112
7113
7114
7115
7116
7117
7117
7119
7122
7123
7124
7125
7127
7127
7128
7128
7132
7134
7134
7135
7135
7136
7136
7137
7137
7137
7138
7140
7141
7142
7143
7143
7143
7144
7146
7146
7147
7147
7150
7150
7151
7152
7152
7153
7154
7155
7155
7156
7156
7158
7158
7159
7160
7162
7162
7163
7163
7163
7163
7166
7166
7166
7168
7169
7170
7171
7174
7174
7175
7176
7177
7177
7178
7179
7181
7181
7183
7184
7185
7185
7186
7187
7187
7190
7192
7193
7193
7195
7195
7196
7199
7200
7200
7201
7201
7202
7202
7205
7206
7208
7208
7209
7209
7209
7211
7212
7214
7214
7215
7215
7216
7218
7218
7219
7220
7222
7223
7223
7227
7227
7229
7229
7229
7231
7231
7234
7235
7236
7237
7238
7239
7239
7239
7242
7243
7244
7244
7246
7246
7246
7247
7251
7251
7252
7252
7254
7254
7255
7256
7257
7258
7258
7258
7260
7260
7260
7260
7261
7261
7263
7264
7264
7265
7265
7265
7265
7265
7268
7270
7270
7271
7271
7271
7272
7272
7275
7275
7276
7277
7278
7279
7280
7281
7283
7284
7286
7286
7287
7287
7287
7288
7289
7290
7291
7291
7292
7293
7294
7294
7295
7295
7295
7296
7299
7299
7299
7299
7299
7301
7301
7301
7302
7303
7303
7305
7306
7309
7310
7314
7316
7316
7317
7317
7318
7321
7321
7322
7323
7325
7326
7326
7327
7328
7328
7328
7329
7329
7333
7335
7335
7336
7337
7337
7337
7338
7338
7340
7341
7341
7341
7343
7343
7344
7345
7345
7346
7347
7347
7352
7352
7353
7353
7354
7354
7356
7357
7359
7360
7361
7361
7362
7363
7365
7366
7367
7368
7368
7369
7369
7370
7371
7372
7372
7373
7373
7374
7375
7376
7376
7376
7377
7377
7378
7378
7379
7380
7381
7381
7381
7382
7383
7383
7384
7385
7386
7387
7389
7392
7395
7395
7396
7397
7399
7400
7401
7401
7403
7403
7404
7405
7405
7406
7407
7407
7409
7410
7410
7411
7412
7414
7415
7415
7415
7416
7416
7417
7419
7420
7421
7421
7423
7423
7424
7425
7425
7426
7429
7430
7432
7433
7434
7434
7436
7438
7439
7439
7442
7442
7442
7442
7444
7445
7445
7445
7445
7447
7447
7447
7448
7449
7449
7450
7450
7452
7453
7457
7459
7461
7462
7463
7465
7470
7470
7472
7473
7473
7474
7475
7475
7477
7480
7481
7482
7483
7483
7483
7485
7486
7486
7487
7487
7488
7488
7488
7489
7489
7490
7490
7492
7493
7494
7496
7496
7496
7497
7498
7498
7499
7499
7499
7500
7501
7502
7503
7503
7504
7504
7505
7505
7507
7507
7508
7512
7513
7513
7515
7515
7517
7517
7520
7520
7521
7521
7522
7522
7523
7524
7527
7528
7529
7530
7530
7531
7532
7532
7533
7533
7534
7534
7536
7536
7537
7538
7539
7540
7541
7541
7543
7543
7544
7548
7549
7553
7554
7554
7556
7556
7559
7560
7562
7563
7565
7566
7569
7570
7570
7571
7571
7572
7574
7574
7574
7576
7579
7579
7583
7585
7585
7585
7587
7588
7589
7590
7590
7592
7593
7595
7595
7596
7596
7597
7598
7599
7599
7602
7604
7605
7608
7610
7611
7612
7612
7613
7615
7617
7620
7620
7621
7622
7625
7625
7625
7625
7626
7629
7629
7629
7630
7631
7631
7632
7632
7633
7633
7634
7634
7634
7634
7635
7635
7636
7636
7637
7638
7639
7640
7642
7642
7642
7642
7643
7644
7644
7644
7644
7645
7646
7646
7647
7648
7655
7659
7660
7661
7662
7662
7663
7664
7665
7665
7666
7666
7668
7676
7677
7679
7680
7680
7682
7682
7682
7684
7684
7684
7685
7686
7687
7687
7687
7687
7688
7690
7690
7690
7690
7691
7691
7695
7695
7695
7696
7697
7700
7700
7700
7701
7701
7703
7705
7708
7708
7709
7709
7711
7713
7713
7713
7714
7715
7715
7716
7717
7717
7718
7720
7720
7721
7723
7724
7725
7727
7727
7730
7731
7731
7733
7733
7733
7734
7734
7736
7737
7737
7740
7742
7742
7743
7743
7743
7745
7746
7747
7747
7747
7748
7748
7749
7749
7752
7753
7754
7754
7754
7754
7755
7756
7759
7761
7762
7763
7764
7764
7765
7765
7767
7768
7768
7768
7769
7769
7771
7771
7771
7771
7771
7772
7774
7774
7776
7777
7779
7779
7781
7781
7781
7781
7782
7782
7782
7782
7783
7783
7784
7787
7789
7789
7790
7790
7792
7794
7797
7799
7800
7801
7801
7805
7809
7809
7810
7811
7814
7815
7816
7818
7818
7821
7821
7822
7823
7823
7823
7824
7824
7824
7824
7827
7827
7828
7829
7831
7833
7833
7834
7835
7836
7836
7836
7839
7839
7841
7842
7845
7845
7847
7848
7849
7850
7853
7854
7854
7856
7856
7858
7862
7862
7862
7862
7863
7865
7865
7866
7866
7867
7868
7868
7869
7870
7871
7871
7871
7874
7875
7875
7876
7876
7877
7878
7881
7882
7884
7884
7885
7886
7887
7887
7887
7887
7888
7893
7894
7894
7895
7895
7896
7898
7899
7900
7900
7901
7902
7904
7904
7905
7906
7909
7909
7910
7910
7910
7911
7912
7913
7914
7915
7916
7916
7918
7918
7920
7923
7923
7924
7924
7925
7925
7926
7929
7929
7929
7929
7930
7930
7934
7937
7938
7939
7940
7940
7941
7941
7943
7945
7946
7948
7948
7948
7950
7950
7950
7950
7951
7952
7957
7958
7958
7961
7963
7963
7965
7965
7968
7968
7968
7968
7968
7969
7971
7973
7973
7974
7976
7978
7978
7979
7979
7981
7981
7982
7982
7984
7985
7986
7986
7987
7991
7992
7993
7993
7994
7995
7995
7997
7998
7998
7999
7999
7999
8000
8000
8000
8001
8002
8002
8002
8005
8005
8005
8006
8007
8008
8010
8011
8012
8014
8014
8015
8018
8018
8019
8022
8022
8023
8023
8023
8024
8025
8025
8026
8028
8028
8031
8031
8032
8033
8035
8036
8036
8036
8039
8040
8040
8040
8040
8045
8045
8045
8048
8049
8050
8051
8053
8053
8054
8055
8057
8058
8061
8062
8062
8064
8065
8066
8066
8069
8069
8072
8075
8075
8076
8077
8077
8079
8079
8081
8081
8082
8083
8084
8085
8087
8088
8089
8091
8094
8094
8095
8097
8099
8099
8100
8101
8102
8103
8105
8106
8106
8112
8115
8115
8115
8115
8116
8118
8119
8123
8124
8126
8126
8126
8128
8128
8129
8129
8131
8134
8134
8135
8135
8136
8136
8137
8144
8145
8146
8146
8146
8148
8149
8151
8151
8152
8152
8153
8155
8155
8156
8157
8159
8159
8161
8163
8165
8166
8167
8170
8171
8171
8173
8173
8175
8177
8177
8178
8179
8181
8181
8181
8181
8186
8187
8188
8190
8190
8194
8195
8197
8197
8198
8203
8203
8204
8204
8205
8206
8206
8207
8207
8208
8209
8212
8213
8213
8213
8215
8217
8217
8217
8217
8219
8220
8221
8223
8224
8226
8228
8228
8228
8229
8234
8235
8235
8235
8238
8239
8240
8241
8243
8244
8245
8245
8245
8247
8248
8249
8249
8250
8250
8250
8253
8253
8255
8257
8257
8258
8258
8259
8259
8260
8262
8263
8266
8266
8266
8267
8270
8270
8271
8272
8272
8275
8276
8276
8278
8280
8280
8280
8280
8281
8282
8282
8283
8283
8284
8284
8286
8288
8288
8290
8291
8292
8292
8293
8295
8297
8297
8300
8300
8301
8301
8301
8303
8304
8306
8306
8307
8308
8312
8312
8312
8313
8313
8314
8316
8316
8317
8318
8319
8320
8321
8321
8322
8322
8323
8324
8326
8328
8329
8329
8330
8330
8331
8335
8335
8336
8336
8339
8339
8339
8341
8341
8342
8343
8343
8343
8344
8345
8345
8346
8347
8348
8350
8351
8352
8352
8353
8355
8355
8356
8358
8358
8358
8358
8359
8360
8360
8360
8361
8361
8362
8362
8363
8364
8364
8365
8366
8368
8369
8370
8371
8371
8371
8372
8374
8374
8375
8376
8379
8380
8380
8380
8380
8382
8383
8383
8384
8386
8387
8387
8387
8387
8388
8388
8389
8389
8389
8389
8390
8391
8392
8392
8392
8394
8396
8397
8397
8402
8405
8408
8409
8410
8413
8413
8414
8414
8415
8415
8418
8418
8418
8418
8421
8422
8423
8424
8425
8426
8427
8427
8428
8428
8430
8434
8434
8435
8436
8436
8438
8439
8439
8440
8440
8441
8442
8445
8445
8447
8448
8448
8450
8451
8454
8457
8458
8459
8461
8462
8463
8463
8463
8463
8464
8464
8466
8466
8466
8468
8469
8469
8471
8471
8472
8473
8473
8475
8476
8477
8477
8478
8479
8483
8484
8485
8487
8488
8488
8488
8489
8491
8494
8495
8496
8496
8497
8497
8499
8499
8501
8506
8509
8511
8512
8512
8512
8513
8513
8514
8514
8516
8517
8518
8521
8525
8525
8526
8527
8527
8528
8528
8529
8529
8529
8533
8534
8534
8535
8536
8536
8537
8539
8540
8540
8542
8542
8544
8545
8545
8547
8547
8548
8549
8551
8552
8552
8553
8554
8554
8557
8562
8562
8562
8563
8563
8564
8564
8564
8565
8566
8566
8566
8567
8567
8568
8569
8570
8576
8578
8578
8579
8579
8580
8580
8581
8582
8583
8583
8584
8584
8585
8586
8586
8588
8589
8591
8591
8591
8593
8593
8593
8598
8599
8599
8601
8601
8601
8601
8602
8602
8602
8604
8605
8605
8606
8607
8607
8607
8609
8609
8610
8610
8612
8612
8614
8615
8617
8618
8622
8622
8623
8623
8623
8624
8628
8628
8629
8631
8632
8635
8635
8635
8635
8635
8636
8638
8638
8639
8640
8640
8641
8642
8643
8644
8645
8645
8645
8646
8647
8648
8649
8651
8651
8651
8653
8655
8656
8659
8660
8660
8661
8662
8663
8664
8665
8665
8665
8666
8667
8667
8668
8669
8669
8669
8670
8670
8670
8671
8674
8674
8676
8677
8677
8678
8678
8679
8680
8684
8685
8685
8686
8687
8687
8687
8688
8688
8688
8691
8692
8693
8693
8695
8695
8696
8697
8698
8698
8700
8701
8701
8702
8704
8704
8707
8708
8709
8710
8711
8711
8712
8713
8714
8716
8716
8719
8720
8721
8722
8722
8723
8723
8724
8725
8727
8728
8729
8730
8730
8732
8735
8736
8737
8737
8740
8741
8742
8742
8743
8743
8743
8744
8745
8748
8750
8751
8751
8754
8756
8756
8757
8757
8757
8758
8758
8759
8762
8763
8763
8763
8764
8765
8765
8766
8767
8767
8770
8771
8773
8775
8776
8776
8776
8776
8777
8777
8778
8778
8779
8779
8780
8782
8783
8784
8784
8785
8786
8788
8788
8791
8791
8791
8792
8792
8793
8793
8794
8798
8799
8799
8800
8800
8800
8801
8801
8802
8803
8804
8805
8809
8810
8811
8811
8811
8812
8812
8813
8813
8815
8817
8819
8821
8821
8822
8822
8824
8825
8825
8827
8829
8829
8830
8831
8832
8832
8833
8833
8836
8836
8836
8837
8838
8839
8839
8843
8844
8844
8845
8845
8846
8846
8847
8847
8849
8849
8852
8853
8853
8854
8854
8854
8857
8858
8858
8859
8860
8860
8862
8862
8862
8865
8866
8866
8867
8867
8867
8868
8868
8868
8868
8868
8872
8872
8874
8875
8876
8877
8877
8878
8880
8881
8882
8882
8883
8884
8885
8886
8886
8886
8887
8888
8888
8889
8889
8890
8890
8892
8892
8892
8892
8893
8893
8894
8894
8895
8895
8897
8897
8900
8900
8903
8903
8903
8903
8903
8903
8904
8905
8906
8908
8908
8908
8908
8910
8910
8910
8910
8912
8913
8914
8914
8914
8915
8916
8916
8917
8917
8918
8918
8918
8919
8920
8920
8921
8922
8923
8923
8923
8924
8929
8929
8930
8931
8932
8934
8935
8936
8936
8936
8936
8936
8938
8938
8939
8939
8939
8941
8943
8943
8948
8951
8951
8952
8952
8954
8954
8955
8956
8956
8956
8958
8960
8961
8962
8962
8964
8964
8966
8967
8968
8968
8968
8969
8969
8969
8969
8973
8974
8975
8976
8978
8979
8979
8981
8982
8983
8984
8985
8985
8986
8986
8987
8988
8989
8991
8992
8994
8994
8995
8998
8999
9001
9004
9005
9006
9006
9008
9008
9010
9011
9011
9011
9012
9013
9013
9013
9015
9016
9017
9018
9020
9020
9020
9021
9021
9021
9021
9022
9023
9023
9025
9025
9025
9027
9027
9028
9028
9030
9032
9032
9033
9033
9034
9035
9036
9036
9037
9037
9040
9040
9041
9043
9043
9047
9048
9049
9050
9050
9050
9053
9053
9056
9057
9057
9058
9060
9063
9064
9067
9067
9068
9070
9070
9070
9071
9075
9075
9077
9077
9078
9080
9080
9083
9083
9084
9084
9084
9084
9084
9085
9086
9086
9086
9086
9086
9087
9087
9088
9088
9089
9089
9090
9091
9091
9091
9092
9093
9095
9096
9098
9099
9100
9100
9100
9101
9103
9106
9106
9107
9109
9109
9111
9112
9113
9113
9113
9114
9114
9114
9116
9116
9117
9117
9117
9119
9120
9120
9121
9123
9124
9128
9128
9131
9131
9132
9134
9134
9135
9136
9138
9140
9140
9140
9142
9143
9144
9144
9144
9146
9147
9148
9148
9149
9150
9151
9152
9155
9155
9155
9156
9157
9159
9162
9163
9163
9163
9164
9165
9166
9167
9168
9168
9171
9171
9173
9174
9176
9176
9178
9179
9179
9180
9181
9182
9183
9184
9188
9188
9190
9190
9192
9193
9194
9197
9201
9204
9207
9209
9209
9210
9212
9212
9213
9216
9217
9218
9220
9222
9222
9222
9223
9226
9226
9228
9230
9230
9230
9232
9232
9232
9232
9232
9233
9233
9234
9234
9235
9235
9236
9236
9237
9237
9237
9240
9240
9241
9242
9242
9243
9243
9244
9244
9246
9247
9247
9247
9249
9250
9250
9253
9253
9253
9253
9254
9255
9256
9256
9256
9257
9257
9257
9257
9258
9259
9259
9260
9260
9261
9261
9262
9262
9262
9263
9265
9266
9267
9268
9269
9269
9269
9270
9270
9271
9271
9272
9273
9274
9275
9276
9277
9279
9281
9282
9282
9283
9286
9289
9290
9290
9291
9291
9292
9292
9294
9294
9295
9296
9297
9299
9300
9301
9301
9302
9302
9304
9304
9306
9309
9310
9310
9310
9312
9313
9314
9314
9318
9318
9319
9320
9321
9321
9322
9323
9324
9324
9324
9325
9326
9328
9328
9328
9328
9331
9332
9332
9332
9334
9334
9335
9336
9337
9337
9338
9338
9339
9340
9340
9341
9341
9341
9343
9344
9345
9346
9347
9347
9348
9349
9350
9352
9356
9357
9358
9358
9358
9358
9361
9362
9362
9362
9363
9364
9364
9365
9366
9367
9368
9369
9371
9374
9378
9378
9378
9380
9381
9381
9382
9383
9384
9387
9388
9390
9391
9392
9392
9393
9394
9395
9397
9399
9400
9400
9402
9403
9404
9405
9405
9405
9411
9411
9412
9413
9413
9415
9415
9415
9416
9416
9416
9417
9419
9423
9423
9423
9426
9428
9428
9429
9430
9431
9432
9432
9433
9433
9435
9435
9435
9437
9437
9442
9445
9445
9446
9447
9448
9448
9450
9451
9452
9454
9457
9457
9458
9458
9459
9460
9462
9462
9462
9464
9467
9467
9467
9467
9468
9469
9469
9469
9470
9470
9471
9474
9474
9476
9476
9477
9479
9481
9482
9482
9484
9484
9485
9485
9486
9488
9488
9488
9489
9489
9489
9491
9497
9497
9498
9498
9499
9499
9499
9499
9502
9503
9503
9504
9504
9505
9505
9505
9506
9507
9508
9509
9510
9510
9513
9514
9515
9516
9516
9516
9516
9517
9520
9521
9521
9522
9523
9528
9528
9528
9529
9530
9531
9533
9533
9534
9536
9536
9539
9541
9542
9543
9543
9544
9544
9545
9548
9548
9548
9548
9549
9550
9552
9552
9553
9554
9557
9557
9558
9558
9560
9560
9560
9564
9564
9565
9569
9569
9570
9570
9571
9571
9571
9571
9572
9572
9573
9573
9575
9575
9577
9577
9577
9578
9578
9579
9579
9580
9582
9583
9584
9584
9585
9585
9587
9589
9591
9591
9593
9593
9594
9595
9596
9601
9601
9602
9605
9606
9607
9609
9610
9615
9616
9617
9619
9622
9623
9623
9624
9624
9625
9625
9626
9626
9626
9627
9630
9630
9630
9633
9633
9634
9634
9634
9635
9636
9638
9639
9640
9641
9641
9641
9642
9642
9642
9644
9645
9649
9651
9652
9652
9652
9653
9654
9655
9656
9658
9659
9659
9660
9660
9660
9662
9662
9663
9664
9666
9669
9669
9672
9673
9675
9676
9678
9678
9684
9685
9686
9687
9687
9687
9689
9692
9692
9693
9693
9693
9693
9694
9696
9696
9696
9697
9698
9698
9698
9699
9700
9701
9702
9703
9704
9704
9704
9705
9705
9708
9709
9712
9713
9713
9713
9715
9717
9717
9721
9722
9722
9723
9726
9727
9728
9728
9730
9735
9736
9738
9739
9740
9740
9741
9741
9742
9743
9744
9744
9745
9745
9746
9746
9746
9748
9749
9749
9750
9751
9751
9751
9754
9754
9754
9755
9755
9755
9756
9756
9760
9761
9762
9763
9763
9764
9765
9765
9766
9767
9767
9768
9768
9768
9770
9770
9771
9771
9773
9774
9774
9774
9775
9775
9775
9775
9777
9777
9778
9779
9779
9780
9780
9782
9783
9783
9783
9783
9784
9784
9786
9789
9790
9793
9794
9794
9797
9798
9799
9799
9799
9801
9803
9803
9803
9804
9804
9805
9809
9810
9810
9813
9815
9815
9815
9817
9818
9823
9823
9825
9826
9826
9831
9831
9833
9833
9836
9836
9837
9837
9840
9840
9840
9841
9841
9843
9845
9847
9848
9848
9850
9851
9853
9855
9856
9856
9856
9857
9857
9858
9863
9868
9868
9869
9869
9869
9871
9871
9873
9873
9873
9874
9875
9877
9878
9878
9880
9880
9880
9881
9882
9884
9884
9890
9891
9893
9894
9894
9895
9896
9897
9897
9897
9897
9898
9901
9902
9902
9902
9904
9904
9904
9906
9906
9907
9908
9911
9915
9915
9915
9915
9918
9918
9918
9919
9922
9922
9922
9923
9925
9926
9926
9927
9928
9929
9931
9933
9934
9937
9938
9938
9939
9942
9942
9942
9944
9945
9947
9948
9949
9950
9952
9952
9953
9955
9955
9960
9960
9961
9961
9961
9962
9962
9962
9963
9964
9964
9965
9965
9969
9969
9972
9972
9974
9974
9975
9976
9977
9978
9978
9980
9982
9982
9984
9984
9984
9986
9986
9987
9987
9989
9989
9989
9990
9991
9991
9993
9993
9993
9993
9994
9995
9995
9996
9996
9997
9997
